0
0
0.000372108
0.0103554
0.00651768
0.00478178
0.0056841
0.00650083
0.00781226
0.00667131
0.0102127
0.00638942
0.006105
0.00578817
0.00484456
0.00452207
0.0097648
0.00682373
0.00584738
0.00527755
0.004823
0.00480705
0.00444193
0.00438538
0.00463606
0.00504629
0.00479753
0.00456553
0.00465125
0.00448075
0.00480974
0.00582192
0.00572298
0.00474533
0.00451984
0.00590538
0.00720872
0.00599708
0.00524364
0.00532596
0.00551562
0.00605977
0.00536326
0.00554214
0.00479818
0.00460883
0.00407232
0.00366641
0.00378594
0.00448541
0.00553323
0.00580499
0.00555677
0.00602529
0.00642018
0.00571695
0.00467457
0.00394528
0.00291909
0.00230135
0.00243394
0.00220577
0.0019897
0.00233352
0.00389113
0.0031352
0.00357695
0.00402201
0.00390489
0.0031432
0.00307825
0.00263441
0.00248054
0.00264126
0.00264127
0.00253985
0.00228354
0.00311225
0.00282125
0.00327846
0.00275736
0.00283304
0.00246538
0.00264592
0.00184347
0.00152938
0.0015492
0.00136119
0.0011266
0.0011811
0.0012696
0.00113352
0.0009313
0.000906314
0.000862722
0.00095576
0.00085902
0.000608037
0.000471302
0.000551924
0.00055144
0.000734539
0.000704907
0.000759465
0.000812272
0.000872459
0.000893627
0.000973838
0.00100464
0.000987361
0.0081697
0.0393776
0.0177989
0.0136231
0.0147969
0.0185664
0.021035
0.0181506
0.0277715
0.0191627
0.0159328
0.0151607
0.0140201
0.0114003
0.0338537
0.0370743
0.033807
0.0289643
0.0263653
0.0237537
0.0239518
0.0240923
0.0226833
0.0232377
0.0218191
0.0223906
0.0231751
0.0257896
0.0265638
0.0320825
0.0359045
0.03708
0.0322843
0.0227753
0.027853
0.0277287
0.020862
0.0187527
0.0185392
0.0200885
0.0224803
0.0245114
0.027767
0.0255159
0.0275374
0.0240357
0.0230575
0.0215775
0.0247952
0.0241087
0.0248998
0.0226136
0.0229915
0.0285262
0.0220134
0.0197599
0.0158077
0.0140854
0.0125725
0.0111226
0.0078648
0.00975356
0.0168278
0.0178097
0.0174605
0.0191489
0.0219328
0.0198741
0.01834
0.0134525
0.0117541
0.0106117
0.00955563
0.0100884
0.0110197
0.0136211
0.0169384
0.0161722
0.0196084
0.0191694
0.0166772
0.0135413
0.0110791
0.00849541
0.00757922
0.00744097
0.00689322
0.007871
0.0083077
0.00783194
0.00724368
0.00653223
0.00715042
0.00706478
0.00797894
0.00399135
0.00356444
0.00327277
0.00408532
0.00445351
0.00503517
0.00481141
0.00514416
0.0057674
0.00570606
0.00637021
0.00711049
0.00751655
0.0066028
0.0522799
0.0352568
0.0323421
0.0317242
0.0315249
0.0292305
0.0268446
0.0232569
0.0214469
0.0203847
0.0181323
0.0164287
0.0147671
0.0162761
0.0443136
0.0418677
0.0383301
0.0371077
0.0360417
0.0319284
0.0316872
0.0287899
0.0256355
0.0265786
0.0243917
0.02528
0.0247928
0.0413653
0.0451872
0.0450355
0.0502111
0.0550977
0.0459225
0.0314533
0.0309375
0.03793
0.035727
0.0341598
0.0351011
0.0268434
0.0344638
0.0543757
0.0558141
0.0504154
0.0589487
0.0573088
0.0559939
0.0313077
0.0368787
0.0420775
0.0472503
0.0462265
0.0471367
0.0476765
0.0390893
0.0334281
0.0284812
0.0373886
0.0328214
0.0382948
0.0372225
0.043031
0.0425001
0.0443895
0.0521739
0.046439
0.0429764
0.027104
0.0298993
0.0265181
0.0298374
0.0277372
0.0283635
0.0296474
0.030468
0.0348232
0.0356377
0.0364977
0.0338006
0.0323991
0.0211571
0.0224062
0.0263216
0.0295393
0.0286284
0.0270512
0.024716
0.0245774
0.0293046
0.0261637
0.0265127
0.026666
0.0265636
0.0225969
0.0147387
0.0136092
0.0141353
0.0148656
0.0153172
0.0153172
0.0158081
0.0206946
0.0290682
0.0255792
0.0230905
0.0234066
0.0220621
0.0152775
0.079178
0.0473269
0.0444244
0.0412564
0.0401107
0.0362397
0.031748
0.0327525
0.0309094
0.0308312
0.029222
0.0272119
0.0274114
0.0325303
0.0469133
0.0388915
0.0341357
0.0361178
0.0372894
0.0361663
0.0330425
0.0261734
0.0249521
0.0300366
0.0299143
0.0257431
0.0256507
0.0382805
0.051349
0.0558248
0.0550061
0.0544562
0.0539343
0.0482147
0.0348274
0.0291725
0.0303405
0.0321395
0.0355263
0.0365269
0.0411659
0.0618793
0.0674609
0.0640171
0.0572143
0.0524516
0.0442385
0.0424015
0.0371898
0.0430075
0.0401593
0.0373051
0.0295509
0.0249627
0.0336186
0.0357236
0.0377121
0.0379516
0.0382613
0.0360967
0.0329036
0.0321405
0.0321359
0.0329809
0.0333763
0.0329616
0.0306735
0.0283384
0.0278511
0.0270029
0.026528
0.0216301
0.0198013
0.0202071
0.0269042
0.0323011
0.0320089
0.0295335
0.0272949
0.0251233
0.0236761
0.0306152
0.0320047
0.031742
0.0302015
0.0282853
0.0333093
0.0340368
0.0356086
0.0300742
0.0292591
0.0286832
0.0220103
0.0150987
0.00960997
0.04202
0.0408894
0.040852
0.0422382
0.0424349
0.0376352
0.0385681
0.0411638
0.0403997
0.0352656
0.0317748
0.0301169
0.0233136
0.0248988
0.03381
0.0284631
0.0267589
0.031588
0.0354809
0.0411719
0.0423481
0.0457557
0.0359596
0.0287401
0.0274732
0.0239133
0.0287044
0.0753816
0.0660425
0.0592938
0.0546117
0.0491643
0.0471625
0.0475507
0.0457608
0.0454049
0.0472357
0.0438867
0.0445712
0.0427584
0.0440781
0.0631181
0.0799959
0.0768913
0.0625717
0.0518453
0.0490935
0.0562102
0.0369177
0.0317258
0.0311761
0.0298971
0.0347179
0.0317467
0.05681
0.0690971
0.0630614
0.0631189
0.0597161
0.056412
0.0596595
0.0635299
0.0567882
0.0474316
0.0491749
0.0495825
0.045423
0.0414062
0.0405939
0.0388704
0.036841
0.0350757
0.031633
0.0272911
0.0290855
0.0499751
0.0363796
0.0437507
0.043609
0.0467327
0.0339733
0.0458678
0.0401888
0.0421735
0.042395
0.0410419
0.0390815
0.0334555
0.0388774
0.0358078
0.0451203
0.0420341
0.0462791
0.0356041
0.044367
0.0513748
0.0530337
0.0530036
0.0482767
0.0472258
0.0521954
0.0419053
0.0361151
0.0304645
0.0350445
0.0346927
0.0378953
0.0349554
0.0263264
0.0232086
0.0253846
0.0244697
0.026339
0.0272979
0.0264701
0.0244228
0.0261876
0.0277441
0.0317689
0.0341199
0.0354544
0.0306239
0.0517605
0.0289933
0.027361
0.0316461
0.0362684
0.0447247
0.0389273
0.0533914
0.0377465
0.0322348
0.027588
0.0256916
0.0247824
0.0609504
0.0685084
0.0622237
0.0552427
0.0517143
0.0489561
0.0483979
0.047248
0.0467632
0.0461243
0.0436427
0.0461747
0.0456929
0.048894
0.0623063
0.0742197
0.0709733
0.0723603
0.0647867
0.041674
0.0458497
0.0442282
0.0329239
0.0313165
0.0299288
0.0315243
0.035702
0.0472579
0.0659313
0.0631159
0.0638941
0.0614079
0.0605733
0.054579
0.0568099
0.0471333
0.0457416
0.0401445
0.0427295
0.0486417
0.0411502
0.0412204
0.0400551
0.0379855
0.0376832
0.0333952
0.0251582
0.0267672
0.034213
0.0410822
0.0408774
0.0473797
0.0481335
0.042219
0.0426378
0.0395357
0.0390993
0.0404286
0.0390408
0.037401
0.0353978
0.0402534
0.0431083
0.0425121
0.049377
0.0447017
0.0415569
0.0319188
0.0532898
0.0529375
0.0536053
0.0490596
0.0507308
0.0519028
0.0512268
0.0388145
0.0327179
0.0322227
0.0368187
0.0366793
0.0397421
0.0275017
0.0262557
0.0252517
0.0261849
0.026781
0.0273197
0.0280047
0.0249445
0.0239016
0.027715
0.0303823
0.0334195
0.0374671
0.0277695
0.0860161
0.0696666
0.0557276
0.0539564
0.0615341
0.0617929
0.0547004
0.0530941
0.049464
0.0476222
0.0444507
0.0404107
0.0419627
0.0607277
0.0711353
0.0641271
0.055796
0.0577773
0.0592863
0.0552478
0.055017
0.0483976
0.0459592
0.0442829
0.0417626
0.0401809
0.030124
0.0801237
0.101122
0.0888928
0.0814681
0.0840571
0.0770788
0.0537885
0.0589289
0.0591264
0.0574138
0.0528347
0.0428762
0.0344907
0.0367593
0.0594552
0.0646438
0.0721332
0.0738988
0.0696134
0.0637923
0.053112
0.0551737
0.0611818
0.0652614
0.0623306
0.0603535
0.0575725
0.0413756
0.0536815
0.0520733
0.0561187
0.0504237
0.0564508
0.0514797
0.0617475
0.0618751
0.0623466
0.0648541
0.0654394
0.0639957
0.0555406
0.064203
0.0512055
0.0536659
0.0514619
0.0480825
0.0472777
0.054571
0.0554376
0.052174
0.0550118
0.0549479
0.0570251
0.0463595
0.0558939
0.0606935
0.0669655
0.0605958
0.0607987
0.0527374
0.0413871
0.0391218
0.0375242
0.0419547
0.0384203
0.0340285
0.0315726
0.0252044
0.0466773
0.0372078
0.0376507
0.037294
0.0347425
0.0344546
0.035888
0.0323004
0.032401
0.0343651
0.0318473
0.0258607
0.0227245
0.0692721
0.0724674
0.0732833
0.067368
0.0621359
0.0574412
0.0488556
0.0487067
0.0410387
0.0374257
0.0392371
0.0382923
0.0354827
0.0413577
0.0498817
0.0429637
0.0439005
0.0458863
0.0445657
0.0459024
0.038052
0.0341721
0.0357697
0.0383353
0.0399164
0.0397776
0.0389386
0.0349054
0.0622468
0.0642057
0.0652924
0.0638372
0.0581471
0.0426251
0.0508191
0.0462705
0.0460211
0.0420425
0.0445736
0.0389522
0.0368313
0.06915
0.0656079
0.0669351
0.063138
0.0595182
0.0479117
0.0479599
0.0430277
0.0492308
0.0589393
0.06287
0.0575407
0.0452172
0.0444765
0.0495602
0.0479782
0.0471341
0.0458171
0.0431101
0.0426748
0.0549628
0.0468947
0.0497085
0.0516326
0.0508809
0.0440081
0.0327433
0.0432896
0.0375839
0.0386682
0.0343873
0.0270795
0.0251376
0.0309105
0.0316118
0.0288116
0.0302804
0.0316323
0.03461
0.0339856
0.0492057
0.052743
0.0437428
0.0486399
0.0500052
0.0428632
0.0390986
0.0465033
0.0376759
0.0319016
0.0319906
0.0343357
0.025474
0.01923
0.0455767
0.0466759
0.0485929
0.0498038
0.0513541
0.0482812
0.0448109
0.0432647
0.0377677
0.0375417
0.0364886
0.0343319
0.0273737
0.0306709
0.573686
0.623098
0.511277
0.350674
0.222102
0.221687
0.379595
0.426491
0.295665
0.127522
0.0895036
0.0539577
0.0507517
0.0646007
0.0799104
0.063973
0.0567409
0.0664728
0.0655865
0.0608393
0.0554383
0.0537276
0.0554234
0.0509285
0.0538289
0.0509486
0.0513161
0.053993
0.0704295
0.0762404
0.0580558
0.0501147
0.0446169
0.0481745
0.0405036
0.0387864
0.043029
0.0447593
0.0441834
0.0391549
0.065684
0.0764177
0.0770363
0.0682075
0.0700937
0.0714665
0.0593481
0.0596431
0.0633142
0.060309
0.0569674
0.0491331
0.0426789
0.0304369
0.205843
0.162291
0.127879
0.122854
0.0783535
0.0751388
0.0576081
0.0698255
0.0627061
0.0678121
0.0550859
0.0700134
0.0603854
0.0793695
0.0663027
0.0569565
0.0593737
0.0516064
0.0441182
0.0399675
0.0568563
0.0551902
0.0608705
0.0585296
0.0559078
0.0485506
0.0432607
0.0659755
0.0624015
0.0604296
0.0596991
0.0545739
0.0512746
0.0437496
0.0373424
0.0395088
0.042152
0.0380337
0.0368673
0.0262306
0.0379425
0.0363782
0.0324139
0.034204
0.0327258
0.0343964
0.0324623
0.0332279
0.0337545
0.0362878
0.036406
0.0383972
0.0358979
0.0323875
0.280157
0.749395
0.74995
0.261736
0.189272
0.320606
0.231142
0.361809
0.373838
0.119551
0.0801865
0.0511274
0.0475319
0.0392056
0.0578268
0.0673758
0.0655066
0.0645158
0.0635993
0.0577575
0.0623238
0.0588525
0.0529771
0.0517808
0.0573262
0.0574634
0.0502802
0.0812565
0.0901585
0.0922867
0.0839978
0.0735197
0.0706585
0.0686031
0.0703415
0.0640004
0.0667245
0.0699681
0.0654232
0.0627543
0.074774
0.079082
0.0868474
0.0802628
0.0800766
0.0786235
0.0792688
0.0870634
0.0851674
0.0808033
0.0741347
0.0619092
0.0449127
0.0289765
0.107488
0.14032
0.121164
0.122617
0.0766616
0.0504693
0.0505697
0.0498366
0.0515573
0.0466338
0.0507957
0.0507493
0.0460751
0.0441711
0.0592516
0.0571442
0.0630515
0.0597403
0.0581208
0.0534856
0.0474195
0.039181
0.0382305
0.0363645
0.0363911
0.0358084
0.0284189
0.0479318
0.0351484
0.0353536
0.0318184
0.0341002
0.0362456
0.0294152
0.040874
0.041116
0.0414009
0.0440949
0.036276
0.0349875
0.053414
0.0654358
0.0457135
0.040213
0.0398744
0.0389217
0.0351414
0.0389449
0.03221
0.0287175
0.0272246
0.0270553
0.0270143
0.025921
0.0881285
0.851835
0.70659
0.176851
0.199293
0.355052
0.165357
0.419498
0.33914
0.182317
0.0894279
0.0565734
0.04542
0.0467747
0.0719734
0.0657052
0.0597608
0.0637405
0.06819
0.0633224
0.0547313
0.052275
0.0465469
0.0477025
0.0477491
0.04845
0.0442395
0.0748395
0.0874587
0.0765576
0.0676816
0.0703385
0.0658355
0.0493359
0.0522115
0.0479138
0.0497933
0.0481783
0.0446879
0.0416282
0.0342606
0.059779
0.0711831
0.078496
0.0844127
0.0827096
0.0745235
0.0568485
0.0563442
0.0566319
0.0553272
0.0573027
0.0575319
0.0596602
0.109876
0.195935
0.141765
0.149698
0.104368
0.070041
0.0663241
0.0778697
0.0740922
0.0694999
0.0609756
0.0657786
0.0552606
0.0449601
0.0555003
0.0517528
0.0582575
0.0525817
0.0566303
0.056506
0.0731021
0.0579758
0.0561943
0.0459277
0.0454936
0.0437467
0.0380807
0.04808
0.0607178
0.065307
0.0658097
0.0571034
0.0537437
0.0481043
0.0454337
0.0434828
0.0419403
0.0419615
0.0384348
0.0335947
0.0231142
0.037905
0.0319226
0.0360674
0.0368076
0.0347304
0.0330139
0.0387168
0.0475211
0.0462954
0.0432312
0.0415564
0.0420071
0.0364647
0.0706098
0.705769
0.785192
0.392723
0.254083
0.181978
0.1585
0.277097
0.417567
0.304577
0.0897362
0.0753833
0.0423079
0.0503082
0.0559965
0.0585738
0.0578155
0.0643538
0.0570448
0.0521247
0.0484943
0.0408755
0.0407948
0.0415299
0.0438717
0.0486511
0.0428167
0.0430588
0.0570724
0.0579363
0.0601641
0.0583218
0.0538844
0.0506262
0.0477217
0.04331
0.0411832
0.0482819
0.0485544
0.0442723
0.0431917
0.0776225
0.0703959
0.0738004
0.0721398
0.0645612
0.0542911
0.0499498
0.047096
0.0470992
0.0523342
0.0574826
0.0515932
0.0398826
0.0575913
0.201761
0.212045
0.18296
0.154579
0.0726146
0.0600505
0.0583321
0.0555181
0.049293
0.0495583
0.0463835
0.0459157
0.0391443
0.045484
0.0402723
0.0410208
0.0373898
0.032241
0.0272375
0.0290101
0.033985
0.0320511
0.0351599
0.0366005
0.0368688
0.0353427
0.0341967
0.567576
0.713479
0.553167
0.306329
0.209661
0.198947
0.289992
0.388182
0.29095
0.0943277
0.0668322
0.0335711
0.0237624
0.0570741
0.281434
0.189885
0.0864923
0.0581799
0.0740636
0.0572271
0.0699543
0.0562056
0.0572549
0.0452804
0.0442299
0.0411725
0.0391528
0.460222
0.665278
0.513372
0.315559
0.235091
0.248667
0.340775
0.385673
0.343205
0.124799
0.092218
0.0601925
0.0468274
0.0587208
0.0588822
0.0653014
0.0638513
0.0575975
0.0628381
0.0590883
0.064024
0.0565979
0.0482208
0.0499952
0.0483533
0.0467
0.0368957
0.0627934
0.0848709
0.0969295
0.0954658
0.0753663
0.0671795
0.073474
0.0634969
0.0579029
0.0494774
0.0480554
0.0529751
0.0518502
0.0560707
0.0663604
0.0770387
0.0790246
0.0798472
0.0689245
0.0628969
0.075453
0.0762993
0.0801563
0.0735648
0.0637162
0.0511897
0.0335546
0.209486
0.211127
0.169998
0.163355
0.0883144
0.070219
0.0689487
0.0778421
0.0706934
0.0748188
0.0553598
0.0695045
0.0541732
0.0651472
0.0686946
0.0527835
0.0524162
0.0438614
0.0443703
0.0449783
0.0474533
0.0441708
0.0499964
0.0524015
0.0594839
0.0522474
0.0389781
0.0530433
0.0654876
0.0592821
0.0530814
0.0552986
0.052103
0.0438571
0.0352417
0.0334591
0.0392437
0.043565
0.0400516
0.0288818
0.035342
0.0378671
0.036552
0.0393095
0.03827
0.0376566
0.0342236
0.0385265
0.0331801
0.038294
0.0386763
0.0395268
0.0338978
0.030925
0.199909
0.75161
0.706666
0.181408
0.161455
0.349009
0.170284
0.418024
0.369564
0.130999
0.0859076
0.0634531
0.0489659
0.0554438
0.0756499
0.0663817
0.0721519
0.0648453
0.0539699
0.0538938
0.0656133
0.0590422
0.0517104
0.051111
0.054204
0.0601548
0.0529674
0.0669305
0.0976356
0.107715
0.100453
0.0945357
0.0953196
0.0752779
0.076836
0.0790712
0.0841797
0.0788882
0.0841585
0.0750386
0.0697632
0.0777318
0.0838353
0.0808146
0.0916325
0.0920536
0.0959831
0.107769
0.103375
0.100705
0.093387
0.081852
0.0655044
0.0485634
0.112915
0.163677
0.124845
0.130348
0.0827168
0.0618008
0.0676477
0.0598222
0.0652148
0.0551151
0.0596526
0.0557155
0.0611156
0.046691
0.0567436
0.0520932
0.0595012
0.0577329
0.0606218
0.0565677
0.0526318
0.0463532
0.0393837
0.0374477
0.0384289
0.0368397
0.0302712
0.0526156
0.049487
0.0333525
0.0321324
0.0467586
0.0369336
0.0296791
0.0511217
0.0273504
0.0372482
0.0399419
0.0288589
0.0405977
0.0430107
0.0597219
0.0520538
0.0463879
0.0451064
0.0460161
0.041206
0.0413184
0.033163
0.026562
0.0282143
0.026751
0.0254768
0.0202456
0.0593645
0.762586
0.611254
0.204655
0.206371
0.327114
0.17763
0.381328
0.346293
0.188761
0.0892289
0.0511803
0.034228
0.0365428
0.0721312
0.0650209
0.0595642
0.0625347
0.0646073
0.0636806
0.0560876
0.0503628
0.0496359
0.0532192
0.0552428
0.053668
0.0511853
0.069387
0.0863116
0.0893125
0.0833277
0.0791521
0.0728545
0.0544029
0.0450439
0.0533853
0.0586219
0.0517864
0.0478525
0.0426125
0.0415521
0.06771
0.0797846
0.0752919
0.0796453
0.0697111
0.0567439
0.0528042
0.0461056
0.0539689
0.0562177
0.0611711
0.0588512
0.0632845
0.0950984
0.239941
0.178272
0.159992
0.123955
0.0692026
0.0735797
0.0774195
0.0801332
0.0794506
0.060088
0.0660223
0.0537313
0.0487164
0.0580955
0.0587471
0.0612856
0.0530426
0.0519917
0.0476849
0.0440664
0.0482217
0.0567265
0.050867
0.0616696
0.055704
0.0538903
0.0487396
0.0608065
0.0649321
0.0670541
0.0667009
0.0601193
0.051684
0.0421556
0.0373217
0.0402861
0.0381629
0.0417109
0.0345361
0.0245881
0.0399512
0.0381437
0.0367224
0.0364836
0.0370268
0.0344181
0.0312346
0.0367465
0.0385822
0.0361721
0.0352688
0.0304961
0.028567
0.0783289
0.639318
0.930328
0.34711
0.218299
0.138302
0.118793
0.217271
0.446118
0.335817
0.0886188
0.0875712
0.0474483
0.048586
0.0592705
0.0521223
0.0538757
0.0604926
0.055162
0.0509994
0.0476666
0.0458124
0.0477455
0.0460188
0.0416786
0.0449822
0.0423655
0.0519093
0.0587678
0.0568501
0.058317
0.061893
0.0697189
0.0631535
0.0667624
0.0582741
0.0494904
0.0507221
0.0470146
0.0441758
0.0383317
0.077614
0.064201
0.0727572
0.0761728
0.0733353
0.0664525
0.0580297
0.0496926
0.0441482
0.043709
0.0501649
0.0581195
0.0501151
0.0401405
0.0573389
0.0610685
0.0613752
0.0607351
0.0582745
0.052134
0.0524418
0.0495427
0.0452104
0.0449876
0.0414552
0.0396681
0.0326417
0.0478522
0.0406295
0.0379594
0.0343043
0.0335955
0.0280594
0.0266738
0.0293561
0.0314354
0.0358725
0.0362797
0.037613
0.0331796
0.0357978
0.473766
0.688024
0.658456
0.358778
0.21953
0.233904
0.313815
0.414352
0.323184
0.0990232
0.0747065
0.034751
0.0225613
0.0559572
0.155246
0.109694
0.0727582
0.0614985
0.0704022
0.0607517
0.0625771
0.0619365
0.0567225
0.0475415
0.0490002
0.0416144
0.03916
0.44703
0.619402
0.652467
0.28164
0.201898
0.326159
0.280917
0.390527
0.458626
0.151851
0.128945
0.108688
0.0682142
0.13014
0.110414
0.0983534
0.154426
0.0770227
0.104373
0.10075
0.0965641
0.129893
0.0851665
0.0901409
0.0983899
0.0831939
0.110972
0.121161
0.11373
0.131901
0.111581
0.105946
0.114199
0.0769722
0.113443
0.07715
0.0710355
0.0946658
0.0568901
0.0979355
0.130122
0.162603
0.143489
0.110909
0.121375
0.107153
0.110557
0.124273
0.0811624
0.108971
0.103422
0.089208
0.108066
0.0649613
0.290087
0.257357
0.230591
0.23959
0.136103
0.101885
0.112803
0.0716479
0.101044
0.0903469
0.0788594
0.109052
0.0855356
0.0870747
0.11245
0.0861628
0.116572
0.0656802
0.0875337
0.101435
0.060537
0.113836
0.0951858
0.112576
0.129325
0.0740405
0.089379
0.130516
0.119228
0.127892
0.0867235
0.0943407
0.0701843
0.0741199
0.0695167
0.0499986
0.0596809
0.0572644
0.0512645
0.0656266
0.0817871
0.141648
0.0964266
0.0627827
0.0816902
0.0825753
0.0791777
0.0782783
0.060101
0.0955495
0.0808945
0.0830329
0.0855025
0.079941
0.29302
0.723881
0.801108
0.214313
0.12092
0.320979
0.119574
0.521545
0.484425
0.180136
0.14003
0.161767
0.106253
0.128699
0.0889298
0.0891521
0.139616
0.0849377
0.111186
0.0891534
0.0851871
0.078423
0.0691958
0.0727411
0.0513516
0.0491636
0.0544882
0.0778893
0.0901929
0.1161
0.108397
0.124886
0.0987181
0.0811117
0.10933
0.0783602
0.0829993
0.0655339
0.0724072
0.083972
0.0692395
0.15873
0.122494
0.109414
0.108503
0.112535
0.11743
0.108238
0.112069
0.127142
0.0885348
0.0906306
0.0722819
0.0639607
0.241346
0.312815
0.1928
0.246647
0.135794
0.111082
0.0968678
0.109008
0.0906034
0.0790199
0.0851923
0.0718205
0.0867378
0.0699567
0.0765619
0.0847135
0.0840688
0.0705267
0.064731
0.0782328
0.0673155
0.0645368
0.0568311
0.0634442
0.0659779
0.0621277
0.059243
0.103785
0.0780433
0.0729056
0.0702306
0.0589698
0.0514134
0.0720084
0.074712
0.0657425
0.0592952
0.0754299
0.0807167
0.0642
0.0722567
0.167905
0.107089
0.101107
0.0791673
0.0898165
0.0802455
0.0823522
0.0735315
0.0647501
0.0623322
0.0610646
0.0720055
0.0571179
0.10973
0.797397
0.570153
0.32563
0.141642
0.2696
0.152209
0.299488
0.643958
0.247049
0.212976
0.132174
0.114689
0.153534
0.112934
0.136954
0.127418
0.116442
0.130217
0.118951
0.131553
0.117097
0.111267
0.116673
0.116005
0.0958874
0.106187
0.109764
0.142231
0.12719
0.106454
0.140051
0.106979
0.111905
0.0785724
0.0711854
0.119003
0.0925619
0.0881852
0.0848661
0.0799627
0.204749
0.1457
0.141904
0.15559
0.119695
0.126725
0.114234
0.0973217
0.092281
0.112531
0.110021
0.0967444
0.0881396
0.166874
0.370354
0.303949
0.295678
0.182988
0.131978
0.0867485
0.0948444
0.091879
0.0729386
0.0900699
0.0637005
0.083534
0.0756403
0.0821529
0.101583
0.0912825
0.0755907
0.0837475
0.0761443
0.0862978
0.0795144
0.0704241
0.0782822
0.0727344
0.0774998
0.0726812
0.0722576
0.0993535
0.087907
0.0869931
0.0871136
0.0778139
0.0795012
0.0752347
0.0599263
0.065238
0.0527358
0.0620196
0.0600942
0.0498737
0.149121
0.0980777
0.0806413
0.0801911
0.0775924
0.0754595
0.0701776
0.0795593
0.0567233
0.058335
0.0537514
0.0552385
0.0509273
0.0605016
0.534058
0.504031
0.491621
0.237789
0.245491
0.156969
0.472932
0.44961
0.228257
0.183832
0.125714
0.0918602
0.0864159
0.0957712
0.110838
0.105059
0.114285
0.119273
0.0879319
0.117223
0.0965403
0.112142
0.113894
0.097471
0.110387
0.107829
0.0987089
0.121916
0.124689
0.117536
0.10519
0.0943993
0.113472
0.11408
0.135739
0.0954383
0.126563
0.0822657
0.117591
0.0796125
0.174766
0.154141
0.120565
0.123828
0.103034
0.120096
0.0883332
0.12007
0.0683616
0.0996855
0.0640049
0.106697
0.0739296
0.086522
0.269046
0.349799
0.298174
0.226113
0.159511
0.095105
0.114067
0.0642685
0.0828891
0.0599669
0.0696101
0.0646645
0.0604799
0.103555
0.0667101
0.0697468
0.0700458
0.0595968
0.0460365
0.0540624
0.049537
0.0656821
0.058008
0.0656584
0.0637498
0.0670976
0.0680886
0.387529
0.577537
0.627138
0.317868
0.174056
0.343367
0.285679
0.453948
0.319767
0.087738
0.111851
0.059583
0.0590695
0.0818498
0.365911
0.25856
0.141021
0.113145
0.0985014
0.0821742
0.12731
0.0966576
0.0750427
0.0507636
0.0547904
0.045507
0.0337409
0.423889
0.585195
0.66422
0.228476
0.190302
0.310352
0.274163
0.400817
0.43594
0.206101
0.117031
0.100133
0.0913554
0.141043
0.109814
0.135395
0.117572
0.0916288
0.11442
0.0981312
0.118559
0.105173
0.0963708
0.0963004
0.0719717
0.0938429
0.089942
0.12616
0.0931385
0.131769
0.116869
0.100492
0.10769
0.0872172
0.11959
0.113969
0.0844283
0.0972799
0.087114
0.101284
0.130126
0.185218
0.132829
0.114977
0.121405
0.118756
0.0976692
0.0926614
0.0813807
0.107375
0.0876492
0.0964776
0.0964382
0.0858787
0.299144
0.244918
0.231363
0.198443
0.130855
0.125806
0.0978985
0.108967
0.106645
0.0976388
0.10529
0.0952933
0.101721
0.0790779
0.0832951
0.101115
0.0848845
0.0847362
0.0717341
0.0765991
0.0834298
0.081776
0.0910799
0.106225
0.0918687
0.0875209
0.0700219
0.111061
0.114429
0.107401
0.101264
0.105103
0.0849705
0.0984889
0.0690894
0.0692034
0.0754084
0.064682
0.0758092
0.057977
0.0815267
0.144731
0.111469
0.102881
0.0878976
0.0933157
0.099846
0.0870652
0.0885735
0.0968251
0.0926059
0.0863201
0.0831371
0.0769596
0.261433
0.715963
0.752754
0.207522
0.118383
0.365543
0.126553
0.498518
0.461487
0.160138
0.16803
0.167631
0.0916724
0.200974
0.0683341
0.107245
0.14607
0.090922
0.14759
0.0848009
0.0904714
0.122106
0.0723354
0.10717
0.080704
0.0733595
0.112162
0.0968223
0.147987
0.121395
0.121784
0.13908
0.0927271
0.0933193
0.107117
0.0918214
0.121937
0.0655588
0.0891111
0.105822
0.0888583
0.199227
0.135843
0.12854
0.161421
0.125569
0.150908
0.109808
0.116713
0.124945
0.102119
0.109274
0.086961
0.0796155
0.206633
0.285279
0.223887
0.267196
0.154
0.122961
0.10254
0.113774
0.108464
0.083552
0.0858686
0.0792053
0.0900251
0.0930152
0.0798345
0.0964477
0.103787
0.0913568
0.0901812
0.0832652
0.0853073
0.0793424
0.0628657
0.0694631
0.0590445
0.0720164
0.0661168
0.0880425
0.0899439
0.0743333
0.0724942
0.0783826
0.0563715
0.0731618
0.0677004
0.068195
0.069242
0.0475068
0.0767847
0.0687678
0.0543783
0.182452
0.107504
0.105313
0.0933004
0.0858545
0.0775889
0.0607238
0.0632322
0.0657752
0.0458489
0.0602162
0.0494646
0.0503975
0.0928595
0.877704
0.627968
0.350394
0.196698
0.239566
0.217961
0.209274
0.578769
0.306195
0.168454
0.101929
0.0733458
0.102495
0.0757206
0.10215
0.0682438
0.100785
0.109404
0.0692537
0.12855
0.0632964
0.0779358
0.0923578
0.0658845
0.107776
0.0634059
0.089372
0.150107
0.107926
0.131854
0.111939
0.0872738
0.121234
0.062638
0.0812717
0.10096
0.0714181
0.0992634
0.0717511
0.0677348
0.190096
0.110946
0.126724
0.133436
0.121222
0.118768
0.0744705
0.10099
0.0861699
0.0880937
0.11108
0.0794891
0.0950621
0.109252
0.341214
0.246878
0.22875
0.159813
0.119584
0.0938039
0.123701
0.0937034
0.107047
0.0975066
0.0861711
0.111337
0.111091
0.104078
0.104358
0.0901524
0.0923343
0.090097
0.0817275
0.0751549
0.0742485
0.0815965
0.0954902
0.0672368
0.082943
0.0626118
0.0917862
0.108923
0.0853054
0.106423
0.0952272
0.105065
0.0943359
0.069125
0.078981
0.066317
0.0677486
0.063852
0.0568264
0.0639913
0.121743
0.0971818
0.0813582
0.0621717
0.0718955
0.0616077
0.0613676
0.0562535
0.0593903
0.0528136
0.0578952
0.0524593
0.049128
0.0620976
0.481742
0.369415
0.47041
0.217433
0.192915
0.131099
0.430227
0.454316
0.244902
0.166553
0.12094
0.0873853
0.070095
0.101717
0.0912838
0.0970562
0.0886687
0.104553
0.0673603
0.10134
0.0765403
0.0929382
0.107068
0.080264
0.117683
0.0870804
0.134429
0.12272
0.150763
0.109011
0.108829
0.0895867
0.119067
0.109848
0.150115
0.109252
0.1398
0.0883798
0.123123
0.0964064
0.174039
0.168043
0.136561
0.159707
0.120988
0.132723
0.103928
0.125385
0.081639
0.109112
0.0759304
0.11239
0.0821046
0.0957566
0.270696
0.30136
0.334471
0.194242
0.175321
0.102573
0.118278
0.0996988
0.0908436
0.0982887
0.0593811
0.0934355
0.0959243
0.104869
0.104294
0.0504317
0.0890701
0.118031
0.0770643
0.0561293
0.0959841
0.120678
0.0820199
0.0792622
0.120959
0.124979
0.0943819
0.332574
0.648469
0.70575
0.214818
0.160408
0.198074
0.1453
0.729766
0.226085
0.305078
0.163566
0.213521
0.16931
0.177309
0.38303
0.387047
0.17613
0.124304
0.154535
0.129403
0.217844
0.0983326
0.0718167
0.0754386
0.0762186
0.0644765
0.0430053
0.274614
0.47136
0.623723
0.158929
0.104611
0.256206
0.143618
0.425723
0.464679
0.235325
0.137711
0.203305
0.189913
0.135884
0.150319
0.116916
0.10792
0.143905
0.142044
0.15608
0.160097
0.110503
0.147048
0.135703
0.112406
0.111928
0.137377
0.161961
0.125029
0.124409
0.126872
0.144567
0.128646
0.0910779
0.106706
0.134144
0.115273
0.0903082
0.084151
0.10777
0.152243
0.174773
0.180693
0.152092
0.183112
0.139409
0.110844
0.115388
0.103285
0.123499
0.0972968
0.106911
0.119147
0.0922581
0.269665
0.298838
0.191467
0.227031
0.132752
0.11865
0.122082
0.104026
0.131118
0.101886
0.114618
0.106158
0.0948024
0.108447
0.0987146
0.0878732
0.114797
0.0737983
0.100048
0.0922241
0.0763706
0.107615
0.0899099
0.102011
0.085916
0.0855549
0.0818988
0.126449
0.120711
0.113394
0.111263
0.092663
0.0797778
0.0828673
0.0671592
0.0606254
0.0672455
0.0612756
0.0572662
0.0504496
0.0670448
0.13954
0.0968147
0.0882283
0.0801205
0.0680279
0.0814693
0.0795246
0.0686589
0.0876936
0.0899791
0.108675
0.103846
0.0801292
0.233412
0.392156
0.254736
0.143954
0.131527
0.101103
0.130296
0.0948411
0.125198
0.103575
0.0823317
0.12565
0.0785593
0.104005
0.088264
0.120802
0.0952984
0.0961996
0.113209
0.0804344
0.101563
0.0786818
0.0797777
0.0812763
0.0659299
0.0729545
0.0665254
0.114159
0.123885
0.115123
0.113883
0.13079
0.115396
0.0937193
0.0887997
0.102536
0.0992779
0.0950951
0.0822503
0.0865157
0.0863158
0.19345
0.148749
0.135183
0.126213
0.13632
0.138678
0.101548
0.115835
0.0939508
0.0968104
0.0936045
0.0814368
0.075587
0.14474
0.230158
0.162351
0.188358
0.118122
0.0928784
0.0780674
0.098308
0.0698636
0.0700539
0.0668611
0.0605339
0.084607
0.0604184
0.0739339
0.0667615
0.0736464
0.0701924
0.0596836
0.0625236
0.0613876
0.0598539
0.0428017
0.0511376
0.0481398
0.050666
0.0461034
0.0747016
0.0867053
0.0713167
0.0635538
0.0606703
0.057689
0.0639645
0.0634118
0.0532586
0.0653358
0.051695
0.0702004
0.0708049
0.0512361
0.147706
0.0991773
0.0828129
0.0619696
0.0740661
0.0639369
0.065999
0.051971
0.049751
0.0500302
0.0413558
0.0535936
0.0452862
0.0854783
0.503208
0.347248
0.191147
0.103437
0.106604
0.111065
0.0853843
0.120999
0.0872264
0.111246
0.0948587
0.0709932
0.114864
0.0949444
0.115475
0.0923798
0.110054
0.09527
0.0821626
0.11046
0.0768007
0.0921627
0.0825258
0.0754933
0.104283
0.0825102
0.0827911
0.103055
0.110187
0.125062
0.112529
0.0883545
0.108401
0.0915851
0.086064
0.0866205
0.0707308
0.0788099
0.0790389
0.0795145
0.178615
0.142899
0.12176
0.142408
0.146219
0.136212
0.106395
0.122473
0.10922
0.118273
0.110252
0.0850073
0.107671
0.068786
0.238311
0.212132
0.18434
0.156353
0.10071
0.0909787
0.0929738
0.0789073
0.105522
0.0923624
0.0911404
0.109573
0.0949782
0.0999774
0.0912573
0.081805
0.0869441
0.0830257
0.0824434
0.0741692
0.0697254
0.0801434
0.099488
0.0764939
0.0995338
0.089677
0.0914705
0.154868
0.114534
0.132775
0.109299
0.111922
0.0996252
0.0759767
0.0939999
0.0619305
0.078975
0.0723282
0.0576138
0.0636326
0.135821
0.116221
0.0986791
0.0904329
0.0857803
0.0838549
0.0748939
0.0980445
0.0518516
0.0496417
0.0504809
0.0541737
0.0575616
0.0551765
0.21782
0.251198
0.218537
0.184123
0.0650281
0.114079
0.0592061
0.100661
0.0625073
0.0987302
0.088646
0.0742522
0.091671
0.11022
0.147363
0.0907134
0.130089
0.1161
0.109938
0.126396
0.101598
0.129213
0.100919
0.128058
0.111125
0.119875
0.123186
0.166584
0.138477
0.133765
0.123905
0.126978
0.125357
0.118361
0.159447
0.133343
0.164165
0.124944
0.154032
0.100791
0.167569
0.172319
0.15152
0.121425
0.120103
0.118122
0.11065
0.120986
0.101222
0.113238
0.0633891
0.105792
0.0679885
0.10299
0.239198
0.292558
0.255207
0.219946
0.14499
0.091868
0.134639
0.070185
0.100025
0.0461865
0.0890186
0.0387259
0.0685431
0.0752967
0.0789623
0.0960085
0.0679591
0.0738725
0.0397201
0.0658925
0.0315052
0.0647769
0.0388889
0.0611315
0.0494928
0.0553346
0.0641721
0.0837497
0.0869296
0.0679197
0.0847373
0.0593038
0.0850286
0.0718121
0.0737934
0.0598438
0.06541
0.0700372
0.0603485
0.0694819
0.0688883
0.354817
0.249784
0.179124
0.104792
0.100435
0.0976156
0.127064
0.0939646
0.0671204
0.0642429
0.0786784
0.061415
0.0518086
0.162213
0.471508
0.240751
0.110376
0.102828
0.0743868
0.139275
0.140042
0.11948
0.123529
0.0958158
0.152801
0.114146
0.146848
0.137691
0.148064
0.124542
0.113195
0.133379
0.12561
0.138169
0.1231
0.131831
0.127031
0.113071
0.10507
0.0964382
0.149837
0.138889
0.127652
0.143049
0.125948
0.114839
0.0836912
0.10157
0.11365
0.0777917
0.0939188
0.068085
0.0839445
0.112021
0.191881
0.139289
0.0992701
0.138313
0.136121
0.119358
0.105297
0.0937118
0.11448
0.112623
0.118203
0.125699
0.0972926
0.292246
0.282495
0.199896
0.201308
0.123721
0.114412
0.0990421
0.101835
0.113006
0.094171
0.105747
0.0818799
0.107409
0.0861705
0.0861391
0.0888098
0.11277
0.0789704
0.0837375
0.0896259
0.0761145
0.10408
0.0890122
0.100507
0.104087
0.0923271
0.0862106
0.110741
0.130657
0.114539
0.127853
0.0926581
0.0864048
0.0841025
0.0617145
0.0846828
0.0644982
0.070192
0.0839206
0.0566264
0.0697088
0.177976
0.0941533
0.0967611
0.0736346
0.0875227
0.0852374
0.0780509
0.0925155
0.0750496
0.0836054
0.100178
0.0915029
0.0989705
0.149045
0.375863
0.241884
0.160051
0.124984
0.121997
0.101944
0.0972434
0.154293
0.111436
0.11012
0.111947
0.0845164
0.139145
0.0781042
0.129026
0.076504
0.0868946
0.115307
0.0717036
0.106843
0.0694152
0.0766486
0.0878321
0.0626908
0.0852646
0.0656663
0.114759
0.141036
0.108164
0.106334
0.140947
0.10972
0.0973208
0.0658245
0.0877652
0.10871
0.0810035
0.0792883
0.0527821
0.066974
0.150118
0.121746
0.133321
0.107775
0.125723
0.115472
0.0807465
0.0960478
0.0882122
0.0842662
0.0730587
0.0740079
0.0874498
0.12489
0.23952
0.216057
0.181649
0.200795
0.125212
0.121479
0.109732
0.100303
0.129044
0.115181
0.13846
0.145713
0.154711
0.154642
0.214683
0.171305
0.183474
0.164341
0.153117
0.160428
0.138789
0.153077
0.130355
0.120864
0.144055
0.141271
0.182107
0.157702
0.136986
0.140974
0.128902
0.126141
0.125084
0.0991472
0.125925
0.112091
0.0997929
0.123724
0.0946667
0.113935
0.174125
0.146747
0.13388
0.116833
0.133433
0.122467
0.101076
0.124155
0.115229
0.118202
0.106397
0.0860222
0.131424
0.13151
0.472595
0.41338
0.207998
0.114185
0.126741
0.106529
0.0795061
0.140181
0.0996568
0.116582
0.0944224
0.0820695
0.122673
0.0965655
0.106794
0.106518
0.123436
0.10384
0.0995088
0.100687
0.0983749
0.108758
0.0810086
0.0822065
0.0992361
0.0904863
0.0992875
0.106793
0.109012
0.12416
0.117718
0.082131
0.108335
0.0904031
0.0906983
0.0833404
0.086144
0.114173
0.0872073
0.0778109
0.179909
0.146854
0.144
0.142792
0.133658
0.146131
0.104452
0.120906
0.103159
0.106473
0.105475
0.0882216
0.101775
0.0609683
0.236862
0.212393
0.184892
0.143659
0.0899878
0.0808683
0.0855385
0.0816596
0.0855683
0.0944113
0.0741208
0.0993145
0.0927519
0.104403
0.0808412
0.0729875
0.0777386
0.0739518
0.070056
0.072081
0.0546557
0.0686336
0.0794573
0.0543378
0.0759851
0.0661589
0.0760539
0.10099
0.0973066
0.0868514
0.0768194
0.0711762
0.0625216
0.0566685
0.0523465
0.0493286
0.0552671
0.0522254
0.048522
0.0440107
0.0949562
0.102252
0.0688991
0.0593381
0.0587046
0.0506432
0.049774
0.0432641
0.0556107
0.0612947
0.0612099
0.0537087
0.04988
0.0679132
0.0786468
0.08712
0.0817725
0.0674066
0.0847048
0.0761346
0.0808711
0.0676459
0.0714855
0.0592728
0.0588566
0.0495813
0.0524133
0.0706349
0.0792948
0.0686396
0.0701931
0.0692688
0.0661035
0.0619359
0.0732599
0.0709784
0.0767328
0.0663175
0.0727524
0.0654318
0.0745719
0.0791048
0.0896584
0.0807513
0.0754374
0.0683062
0.0566752
0.0596584
0.0516309
0.0607646
0.0561541
0.0769636
0.0605465
0.0522749
0.0753748
0.127478
0.0988417
0.0850323
0.0758518
0.06766
0.0712059
0.0671468
0.0777758
0.0565312
0.0544136
0.0485001
0.0526424
0.0449439
0.222344
0.274137
0.223327
0.182143
0.110993
0.0789283
0.0788835
0.0867788
0.0777546
0.0714921
0.0618643
0.0600357
0.0505146
0.0646203
0.0577713
0.0564367
0.0498865
0.0532522
0.0425952
0.0385161
0.0410571
0.0463032
0.0470211
0.0459357
0.0524948
0.0482936
0.0472137
0.0855397
0.0808212
0.107726
0.0834859
0.0947556
0.0873644
0.076262
0.0895373
0.0668634
0.100851
0.0617903
0.063771
0.0355546
0.0534835
0.0826821
0.083076
0.06794
0.103812
0.0833829
0.166223
0.128731
0.277558
0.304087
0.286991
0.172368
0.101963
0.154075
0.0482415
0.0808964
0.101494
0.234056
0.189589
0.228069
0.126754
0.0882005
0.159858
0.118593
0.13464
0.111661
0.114348
0.0998678
0.087643
0.0905138
0.0977703
0.0861948
0.0828351
0.0702477
0.0721795
0.0631836
0.0707009
0.050018
0.0828035
0.0515711
0.0603205
0.0673427
0.0875996
0.0794082
0.0633556
0.0644879
0.052626
0.0455902
0.0436798
0.046875
0.0467334
0.0393612
0.0375047
0.0331449
0.0433082
0.06726
0.0616154
0.0590336
0.0669619
0.0615369
0.0622957
0.0474386
0.040711
0.0347378
0.0335307
0.042103
0.0478382
0.0442429
0.0568612
0.0528913
0.0514558
0.0517413
0.0565697
0.0436219
0.0306901
0.0424665
0.0530851
0.0519228
0.0559721
0.0655552
0.0612824
0.0411172
0.0570253
0.0894675
0.103968
0.0849937
0.059662
0.0400614
0.0495041
0.0498069
0.0488489
0.0459323
0.0478576
0.0460266
0.0441482
0.0609444
0.057006
0.0591835
0.0621688
0.0564051
0.0557425
0.0499889
0.0479465
0.0427134
0.0506377
0.0570887
0.0531607
0.069472
0.0577952
0.0455279
0.0363363
0.0344939
0.033782
0.0365661
0.0367588
0.0332843
0.0285153
0.0338661
0.0433217
0.0520608
0.0544414
0.04946
0.0508664
0.0500742
0.0339738
0.0348342
0.0382728
0.0366721
0.0446648
0.0440734
0.0573323
0.0420804
0.0307435
0.0270497
0.0354023
0.039295
0.0799577
0.0688454
0.0617269
0.0572142
0.0501102
0.0508637
0.0460495
0.0482648
0.048457
0.0461485
0.045767
0.0430771
0.042185
0.0458351
0.0697846
0.0739749
0.0606832
0.0525737
0.0473092
0.0484315
0.0474896
0.0379487
0.0439758
0.0432333
0.0373092
0.0371814
0.0320539
0.0629534
0.0681517
0.0756115
0.0696349
0.0717529
0.0567685
0.0567704
0.0512663
0.0451415
0.0355555
0.0417952
0.0452454
0.0428053
0.0487289
0.0563255
0.0530847
0.0515513
0.0507334
0.0522743
0.0424967
0.0439971
0.0577662
0.0491293
0.0515434
0.0608219
0.0526537
0.041556
0.0520203
0.0803927
0.107892
0.095285
0.0660284
0.0404434
0.0407885
0.047773
0.0469816
0.0449154
0.0465485
0.043151
0.043288
0.0580689
0.0562734
0.0619331
0.0698549
0.0587664
0.0548426
0.0568996
0.0478114
0.0418334
0.0473172
0.0557138
0.0540503
0.0642455
0.0702037
0.0483705
0.0347118
0.033947
0.031492
0.0347032
0.0379613
0.0323171
0.0259246
0.027098
0.0360511
0.0424067
0.0517732
0.0574603
0.049379
0.107382
0.0625005
0.0585326
0.0684684
0.0585926
0.0504516
0.0491478
0.0548736
0.0506004
0.0379443
0.0310237
0.0350911
0.0403935
0.0623533
0.0708438
0.0569406
0.0506269
0.04662
0.0457345
0.0439925
0.0445265
0.0357284
0.0338495
0.038163
0.0407881
0.0368685
0.0359792
0.0458426
0.0511467
0.0608554
0.0571168
0.0493573
0.0440649
0.0444456
0.0497012
0.0505034
0.0601456
0.0618742
0.0494436
0.0334999
0.0551716
0.0747347
0.0726735
0.0735184
0.0687043
0.0697351
0.0566373
0.0530657
0.0519469
0.0451246
0.0347303
0.0321175
0.0371745
0.0432164
0.0571154
0.0695026
0.0745911
0.0681221
0.0679001
0.054892
0.0615573
0.0577881
0.0515736
0.057156
0.0585365
0.0635176
0.049993
0.0572919
0.0850803
0.108201
0.0936048
0.0727045
0.0437884
0.0304589
0.0474101
0.0491398
0.0487077
0.0405077
0.0421342
0.0425289
0.0401833
0.056205
0.0614629
0.0708439
0.0707186
0.0535966
0.0498721
0.0476561
0.0569338
0.0538549
0.0554063
0.0522964
0.0580559
0.0646762
0.0634583
0.0530048
0.0485096
0.0477178
0.0467133
0.0471044
0.043289
0.0465088
0.0478209
0.0473401
0.0506891
0.0519865
0.0474905
0.0399103
0.0918958
0.0667546
0.059154
0.0545882
0.0541044
0.0511008
0.0445678
0.0389784
0.0449458
0.0431014
0.0451764
0.0461606
0.0372504
0.0621215
0.0579539
0.0460884
0.0393087
0.0463576
0.0463667
0.0473351
0.0530999
0.0449371
0.0435203
0.0453935
0.0459145
0.0446795
0.041384
0.07993
0.0887256
0.0857537
0.0719271
0.0621372
0.0580321
0.0498097
0.0412405
0.0437315
0.0443325
0.0447259
0.0462269
0.0479518
0.052561
0.0617887
0.0593868
0.0510142
0.0436688
0.0443789
0.0452708
0.0545513
0.0468013
0.0360078
0.0375233
0.0429289
0.0454837
0.0445906
0.0614372
0.0613445
0.0678556
0.0661194
0.0688787
0.0723176
0.0623468
0.0505259
0.0433781
0.0451275
0.04644
0.0426943
0.0367025
0.0415677
0.0417576
0.0360383
0.0382312
0.0320103
0.0308283
0.0360463
0.0445223
0.0404065
0.0413918
0.04509
0.040183
0.0342535
0.0354373
0.045577
0.0492451
0.0457829
0.0345958
0.0358373
0.0390206
0.0323959
0.0305733
0.0252638
0.0258848
0.0259688
0.0202315
0.0161164
0.0238599
0.0702124
0.0610916
0.0623513
0.0617401
0.0532732
0.0427779
0.0489245
0.050888
0.042865
0.0459983
0.0529973
0.0553262
0.0395785
0.0366483
0.0381849
0.0314335
0.0369665
0.0363338
0.0430278
0.0395396
0.0505749
0.0499575
0.0408673
0.0269091
0.0305856
0.0351924
0.0379806
0.0750256
0.0685698
0.0596376
0.0563504
0.0550121
0.0512676
0.0523156
0.0516879
0.0475161
0.0463485
0.0431864
0.0429151
0.0468419
0.0568319
0.0768493
0.0682779
0.0583875
0.0535939
0.0495772
0.0440121
0.0392003
0.0456879
0.0445457
0.0399422
0.0356653
0.0336663
0.030624
0.0613659
0.061816
0.0642588
0.0684683
0.0645059
0.061146
0.0512966
0.0420515
0.0360321
0.0362622
0.0438654
0.0465001
0.0423448
0.0531722
0.0520447
0.0508853
0.0499295
0.0563214
0.0475929
0.0342069
0.0447306
0.0518529
0.0514455
0.0521395
0.0649625
0.0563017
0.041375
0.0543059
0.0860885
0.109142
0.0900804
0.0641821
0.0417188
0.0486956
0.0517942
0.0506867
0.0424079
0.0497411
0.0441887
0.0430224
0.0576146
0.0530493
0.0568046
0.0638776
0.0581932
0.056021
0.053464
0.0469548
0.0438257
0.0472694
0.0549491
0.0535249
0.0680327
0.0651948
0.0434789
0.0352962
0.0329759
0.0313528
0.0342635
0.036399
0.0318934
0.0281905
0.0335343
0.0418596
0.0463527
0.0523757
0.0469481
0.047604
0.051978
0.0337217
0.0327742
0.0367656
0.0366554
0.0439555
0.0449452
0.0567878
0.0438744
0.0309898
0.0280053
0.0307496
0.0390145
0.0819276
0.0681756
0.0620253
0.0556072
0.0494937
0.0472241
0.0479183
0.0503468
0.0470332
0.0468325
0.0447861
0.0432836
0.0429901
0.0432204
0.0624563
0.0727146
0.0632663
0.0522015
0.0455826
0.0468782
0.0492889
0.0394991
0.0412684
0.0415412
0.0391612
0.038763
0.0324676
0.0634631
0.0737389
0.0771066
0.0716044
0.0679413
0.0550527
0.055036
0.0542332
0.0457879
0.0353573
0.0397453
0.0430948
0.0419821
0.047004
0.050742
0.0548316
0.0521539
0.0530641
0.0503158
0.0432505
0.043138
0.0547669
0.0402435
0.0457183
0.0577843
0.0544164
0.0422102
0.0529374
0.0808936
0.105115
0.101487
0.0746061
0.0450369
0.0403906
0.048251
0.0445545
0.0497294
0.0422549
0.0441814
0.044459
0.0583641
0.0599683
0.0608948
0.0643473
0.0592432
0.0529776
0.0552847
0.0462816
0.0421285
0.0467675
0.0562569
0.0551315
0.0637582
0.0683081
0.0470319
0.0336434
0.0338492
0.0301103
0.0339021
0.0361545
0.0352356
0.0251726
0.0294726
0.0348797
0.0426031
0.053008
0.055502
0.042673
0.110091
0.0642235
0.0577809
0.066282
0.0580672
0.0510505
0.0472107
0.0526386
0.0505221
0.0387504
0.029948
0.0339459
0.0395167
0.0549109
0.0706055
0.056965
0.0523402
0.0473837
0.044329
0.0418754
0.0448144
0.0368396
0.0330019
0.0384492
0.0411821
0.038911
0.0352293
0.0484209
0.0526623
0.0621186
0.0583262
0.0494672
0.0431387
0.0446518
0.0502266
0.0495937
0.0575231
0.061351
0.0511815
0.0347317
0.053624
0.0691486
0.0683582
0.0735722
0.0683354
0.0697674
0.0585217
0.0509841
0.0495689
0.0436203
0.0330497
0.0306171
0.0368818
0.0452802
0.0594562
0.0637914
0.0779489
0.0644065
0.0686591
0.0495357
0.0580307
0.053489
0.0553993
0.0534906
0.0636627
0.0659449
0.0572637
0.0551157
0.081112
0.106502
0.0971349
0.0714177
0.0456217
0.0297775
0.0428401
0.0499441
0.0492727
0.0384173
0.0425054
0.0449833
0.0371549
0.0531892
0.0596384
0.0685813
0.0680842
0.05333
0.0493798
0.0504742
0.0566804
0.0544758
0.0548829
0.0536899
0.0577431
0.0665635
0.0595164
0.0541326
0.0473891
0.0437177
0.0438692
0.045351
0.0458622
0.0468501
0.0487244
0.0460418
0.049183
0.0518664
0.0490435
0.0365866
0.0948404
0.067656
0.0582518
0.0539163
0.051284
0.0493741
0.0457626
0.0410652
0.04159
0.0425684
0.0432703
0.0459059
0.0386891
0.0566034
0.0338573
0.00780592
0.0113273
0.00360813
0.00949898
0.0103898
0.0152377
0.0139026
0.0102598
0.0118657
0.0128131
0.0120925
0.011348
0.0106271
0.00548078
0.00603806
0.00441799
0.00447309
0.00549168
0.00450282
0.0119286
0.00695529
0.0077789
0.0112664
0.0145
0.0173119
0.0171371
0.0131077
0.00939397
0.00390882
0.00254158
0.00141893
0.0030963
0.00361766
0.00499591
0.0078436
0.00776972
0.00642906
0.00758372
0.0106602
0.0611041
0.0129668
0.0113846
0.00462691
0.00853439
0.00599308
0.00767457
0.0051684
0.00528632
0.00493146
0.00392183
0.00483438
0.0027227
0.00478951
0.00444787
0.00138439
0.00582887
0.00213908
0.00271578
0.00486695
0.00102887
0.00242487
0.00286875
0.00187064
0.000848752
0.0014313
0.00107757
0.00213574
0.000765771
0.000190661
0.0014154
0.00168448
0.00039541
0.000524167
0.000547267
0.00049508
0.000559725
0.0005273
0.000356809
0.000174509
0.00017495
0.000213119
0.00016019
0.000146129
5.24755e-005
4.44451e-005
2.96709e-005
1.40869e-005
1.63217e-005
1.65316e-005
7.66431e-006
5.99589e-006
1.01491e-005
5.69202e-006
0.0760505
0.729744
0.610422
0.269699
0.16473
0.304091
0.193668
0.412126
0.481926
0.219399
0.137723
0.152642
0.119002
0.15422
0.111609
0.122595
0.116261
0.102029
0.10998
0.104606
0.128939
0.0998606
0.0922842
0.0900181
0.092531
0.0963587
0.0723662
0.100765
0.124404
0.117493
0.0998968
0.114837
0.131517
0.0997194
0.0926056
0.0762171
0.108193
0.118243
0.108702
0.0937689
0.0800617
0.190829
0.159326
0.144194
0.170442
0.116882
0.124761
0.114546
0.115771
0.134341
0.130157
0.155413
0.131602
0.151927
0.215666
0.318968
0.228382
0.235644
0.184446
0.139582
0.108669
0.0994469
0.104256
0.117978
0.0846582
0.0925822
0.11232
0.101545
0.0936937
0.129118
0.129835
0.112759
0.0951007
0.0864167
0.0832035
0.0881104
0.0941254
0.0915243
0.0835291
0.0857306
0.080349
0.10624
0.0918771
0.103885
0.125639
0.095359
0.103212
0.0787834
0.0587977
0.0815881
0.0595631
0.0879387
0.0612883
0.0792191
0.0916568
0.148674
0.123815
0.0803548
0.0791945
0.0792906
0.0826992
0.101206
0.0794303
0.0891648
0.0815056
0.0853532
0.101996
0.0887078
0.104725
0.676616
0.537534
0.428098
0.147745
0.224543
0.155648
0.241175
0.556274
0.193422
0.189413
0.102759
0.0947973
0.133578
0.0969302
0.138501
0.106398
0.102514
0.0922559
0.0930637
0.111137
0.0833386
0.0906663
0.08336
0.0670281
0.0874886
0.0656025
0.0838211
0.142766
0.128199
0.134751
0.120263
0.113445
0.134108
0.0963166
0.103057
0.109554
0.108587
0.128717
0.101754
0.0859258
0.159127
0.136201
0.139111
0.111696
0.135222
0.136441
0.0984577
0.0939692
0.0872112
0.0975326
0.10636
0.0875202
0.110793
0.125994
0.323056
0.272877
0.263241
0.208597
0.137533
0.103689
0.107557
0.0817253
0.0923929
0.103223
0.0769541
0.101272
0.083453
0.0969176
0.0950605
0.0862268
0.0899047
0.0752966
0.0562715
0.0645879
0.0507911
0.0639784
0.0685586
0.0546469
0.0569437
0.0630892
0.0755089
0.0966479
0.0632968
0.0646497
0.055933
0.0521281
0.0547201
0.0560486
0.0503596
0.0638254
0.0629915
0.0544882
0.0565817
0.0674315
0.137904
0.133761
0.0957735
0.0807973
0.0866051
0.0819003
0.0660419
0.0743361
0.0674064
0.0599742
0.082786
0.062289
0.0832245
0.0914476
0.450905
0.358475
0.592615
0.171041
0.146781
0.172871
0.160122
0.514274
0.381346
0.196279
0.108895
0.136203
0.104697
0.124964
0.122764
0.125946
0.159031
0.112529
0.143933
0.125483
0.0964701
0.115606
0.102669
0.102419
0.108226
0.0956389
0.123535
0.120391
0.10582
0.130013
0.102881
0.108396
0.107623
0.0936685
0.135831
0.0985196
0.0912746
0.11977
0.0940282
0.12282
0.128318
0.157292
0.153025
0.140815
0.173787
0.130739
0.117217
0.131958
0.103476
0.102811
0.0828867
0.0973237
0.10954
0.0851889
0.316093
0.268812
0.212449
0.225391
0.154083
0.135443
0.118129
0.119822
0.128344
0.0828507
0.105209
0.133392
0.103397
0.112932
0.0714234
0.0877639
0.110284
0.0722319
0.0786854
0.0962716
0.0822007
0.10047
0.0897273
0.100116
0.110188
0.091791
0.0858096
0.117476
0.113244
0.118414
0.0969824
0.112668
0.0689958
0.0947892
0.0761186
0.0628625
0.085646
0.0732885
0.0801029
0.0636927
0.0729358
0.155027
0.0967653
0.084855
0.0778093
0.0773655
0.0828245
0.0675554
0.0570286
0.0534247
0.0639896
0.0637067
0.0605438
0.053948
0.232036
0.394332
0.606884
0.224869
0.222096
0.2345
0.204327
0.468068
0.3423
0.214556
0.120369
0.131038
0.0839335
0.120427
0.114712
0.117496
0.117927
0.119463
0.103687
0.102273
0.133478
0.158913
0.148661
0.17129
0.119529
0.139648
0.113158
0.174929
0.171772
0.197857
0.152487
0.176098
0.142155
0.136906
0.132088
0.118898
0.143613
0.116913
0.159006
0.110874
0.133128
0.17223
0.163614
0.111586
0.163746
0.103418
0.11747
0.0903613
0.116819
0.114999
0.100398
0.116657
0.0850169
0.113281
0.198748
0.406674
0.274777
0.280063
0.221269
0.161811
0.161857
0.121946
0.130287
0.103592
0.169189
0.0898781
0.129302
0.0832551
0.116035
0.0503064
0.083042
0.0638271
0.0771531
0.0771946
0.0647266
0.0874582
0.0667989
0.10063
0.0632546
0.0883982
0.0447096
0.111856
0.676731
0.495733
0.332911
0.397319
0.403339
0.188542
0.562272
0.560646
0.102889
0.0459341
0.0669182
0.0418381
0.0591929
0.145039
0.285447
0.171007
0.121747
0.106199
0.104308
0.102992
0.112653
0.0755048
0.0641574
0.067128
0.061621
0.0634723
0.104079
0.730059
0.622625
0.307427
0.16901
0.219061
0.193979
0.281811
0.538169
0.264257
0.201222
0.156247
0.114849
0.139565
0.116841
0.122964
0.122465
0.113256
0.086985
0.11209
0.126033
0.0876968
0.119668
0.0872139
0.117427
0.107267
0.0739411
0.114809
0.144701
0.138209
0.0921252
0.0809186
0.107989
0.0932804
0.0851327
0.0783163
0.112261
0.119656
0.0978769
0.0869438
0.0748591
0.19834
0.143308
0.156139
0.177017
0.158514
0.164331
0.131609
0.118103
0.125703
0.132356
0.126219
0.10595
0.133068
0.159489
0.339255
0.232676
0.228714
0.18121
0.148742
0.139113
0.125201
0.101768
0.103799
0.0925117
0.0827691
0.0981997
0.104378
0.10225
0.12842
0.140158
0.131842
0.102543
0.0858596
0.0844195
0.0877777
0.0782787
0.0841969
0.0793205
0.0895278
0.0806359
0.0991116
0.128149
0.101767
0.115653
0.0975689
0.105337
0.0815035
0.064592
0.0885366
0.0777624
0.0988333
0.080067
0.0626343
0.086844
0.138128
0.142784
0.104233
0.0890275
0.113608
0.0868338
0.100796
0.0763024
0.0877833
0.0864325
0.0751073
0.0934604
0.0919779
0.10416
0.643992
0.629594
0.53484
0.198068
0.186838
0.206076
0.220096
0.620623
0.341969
0.22218
0.147844
0.108817
0.100734
0.0813946
0.127962
0.0974679
0.121698
0.0753007
0.0858195
0.111042
0.0678546
0.0821054
0.0583629
0.0592611
0.077434
0.0583353
0.0764947
0.117397
0.12728
0.137007
0.111572
0.107507
0.114781
0.0956899
0.0893965
0.0725327
0.090754
0.115172
0.095149
0.0813465
0.147619
0.157595
0.158
0.121537
0.123359
0.141277
0.106598
0.104959
0.0909187
0.112039
0.116025
0.121573
0.113086
0.0934095
0.332036
0.288499
0.237428
0.20645
0.137033
0.0989222
0.100032
0.0791839
0.100135
0.0962867
0.0768451
0.108053
0.083442
0.101985
0.0948456
0.0893903
0.0893463
0.0666609
0.0605608
0.0698379
0.0534087
0.0626986
0.0648804
0.0636276
0.0643418
0.0659777
0.068741
0.102102
0.0725907
0.0922898
0.0722191
0.0792837
0.0688376
0.066523
0.0775115
0.075335
0.0857645
0.0857332
0.0708014
0.0823715
0.125757
0.162527
0.11804
0.0808496
0.10513
0.0976601
0.0840589
0.0750809
0.0711622
0.0784684
0.0875843
0.0744787
0.084197
0.0834675
0.355151
0.479634
0.716062
0.253093
0.142228
0.255789
0.141701
0.448368
0.534974
0.174816
0.115559
0.102623
0.0708947
0.126666
0.112997
0.106431
0.132787
0.0961294
0.133217
0.119419
0.0923192
0.108952
0.102945
0.114416
0.102453
0.0858862
0.102778
0.142587
0.135941
0.148819
0.136914
0.108262
0.12019
0.0835444
0.102416
0.0986255
0.0919873
0.101566
0.0917528
0.0970155
0.11695
0.169472
0.174897
0.14534
0.154044
0.126815
0.117486
0.114762
0.0894977
0.105624
0.0997022
0.118027
0.125311
0.111852
0.305322
0.310379
0.211904
0.235686
0.1627
0.118099
0.105159
0.0831362
0.098084
0.0796296
0.0879134
0.083456
0.09379
0.0794566
0.0762178
0.0546184
0.0550627
0.0534593
0.0596839
0.0767535
0.0660033
0.0857765
0.0737731
0.104059
0.0896519
0.0972834
0.0780694
0.109572
0.137597
0.130987
0.127886
0.112696
0.101141
0.105969
0.0863261
0.0925709
0.122136
0.105822
0.108069
0.0758453
0.0861258
0.184336
0.0987251
0.107793
0.0902372
0.0866189
0.0990534
0.0840875
0.06319
0.0541022
0.0582094
0.0597125
0.0624998
0.0519145
0.159272
0.517173
0.576459
0.193525
0.159245
0.214212
0.186027
0.349776
0.28458
0.255828
0.110908
0.128916
0.0748561
0.0916598
0.134936
0.100463
0.129893
0.116108
0.109534
0.112025
0.121642
0.150806
0.128875
0.150884
0.113793
0.147409
0.105983
0.154956
0.18372
0.197472
0.164666
0.167773
0.143845
0.130462
0.129651
0.109751
0.120848
0.113829
0.163535
0.124306
0.152925
0.199052
0.200363
0.127378
0.163567
0.144843
0.135493
0.0951459
0.11598
0.133479
0.121766
0.131785
0.0984773
0.120821
0.197666
0.382445
0.281781
0.236102
0.180039
0.144987
0.133767
0.11734
0.119987
0.122611
0.122333
0.107403
0.122527
0.0809087
0.0900476
0.0692114
0.0800707
0.0933049
0.103533
0.0698549
0.091218
0.115879
0.107736
0.0939259
0.106254
0.125214
0.11906
0.178734
0.64837
0.624013
0.36562
0.171556
0.168306
0.111043
0.372344
0.517801
0.0939863
0.220767
0.27323
0.202982
0.158225
0.275433
0.30042
0.254136
0.182067
0.207378
0.148806
0.198088
0.152214
0.075834
0.0648311
0.0674122
0.0551445
0.0631296
0.116705
0.777146
0.535021
0.354606
0.188024
0.200512
0.233206
0.226002
0.542254
0.248413
0.201588
0.147416
0.094151
0.156616
0.130857
0.122767
0.113466
0.10949
0.0861699
0.0907234
0.0956566
0.0911876
0.104766
0.0797636
0.0816442
0.0901745
0.0706688
0.0874963
0.113572
0.126023
0.118675
0.092652
0.108303
0.0945885
0.0986466
0.0858854
0.0959061
0.111253
0.103796
0.106124
0.092647
0.207568
0.169817
0.139749
0.164913
0.137373
0.148257
0.130796
0.13925
0.133263
0.127659
0.128329
0.100506
0.116243
0.118891
0.339288
0.241739
0.257074
0.171611
0.129688
0.124441
0.114629
0.0784663
0.104503
0.076749
0.0863971
0.0972415
0.078144
0.0767413
0.0469276
0.0335892
0.0403184
0.0373493
0.0526818
0.0469589
0.0627842
0.0744141
0.0964833
0.0826255
0.091233
0.0970557
0.0830163
0.137862
0.106632
0.1289
0.10718
0.0991293
0.093511
0.060511
0.0745694
0.0543786
0.0482199
0.0508604
0.0547293
0.0543414
0.165223
0.128169
0.0876788
0.0947354
0.0645036
0.0682373
0.0601141
0.0768327
0.0901727
0.0739449
0.0897651
0.0832645
0.115875
0.118478
0.586469
0.494585
0.604749
0.238589
0.238112
0.242732
0.215668
0.560211
0.374454
0.222879
0.133811
0.124522
0.122615
0.108224
0.139927
0.105874
0.14455
0.101435
0.101017
0.137161
0.100853
0.112565
0.0854707
0.0769199
0.116354
0.0824393
0.100919
0.144944
0.154605
0.203615
0.14966
0.132601
0.135946
0.107899
0.115101
0.0968851
0.0937051
0.123254
0.0955613
0.106769
0.150672
0.157452
0.168259
0.1152
0.138486
0.152089
0.10443
0.11564
0.114679
0.133054
0.133282
0.134547
0.146187
0.119648
0.359109
0.313911
0.263451
0.212452
0.141357
0.11687
0.119195
0.100768
0.120093
0.100268
0.102366
0.108214
0.103719
0.119504
0.0962068
0.116359
0.104543
0.0749286
0.0770424
0.0792965
0.0752219
0.0796759
0.0642618
0.0773587
0.0735237
0.0719588
0.0838859
0.110839
0.0967434
0.0954068
0.065398
0.0767834
0.0714072
0.0769826
0.0747585
0.0606288
0.080203
0.0864021
0.0620875
0.0821154
0.102468
0.166155
0.110354
0.0870597
0.103276
0.0991797
0.106273
0.0966264
0.0680782
0.0907055
0.0729153
0.085338
0.0710963
0.068907
0.325797
0.503515
0.672163
0.204145
0.11659
0.268732
0.0845333
0.491811
0.547303
0.170778
0.152051
0.132421
0.0926954
0.130118
0.109155
0.118626
0.136858
0.0927986
0.134098
0.087973
0.105381
0.107938
0.0855247
0.115851
0.0830783
0.07595
0.106557
0.1247
0.124294
0.118348
0.0848815
0.104987
0.0914941
0.0719236
0.110138
0.0842378
0.105029
0.0919888
0.0707521
0.113759
0.107906
0.165674
0.120242
0.117056
0.175353
0.10626
0.127528
0.128831
0.0795571
0.119489
0.0742245
0.105327
0.0926274
0.0919941
0.291045
0.293708
0.258628
0.268397
0.13979
0.115126
0.09341
0.0994338
0.111255
0.0654386
0.0908463
0.0873904
0.087808
0.0789752
0.0618191
0.0472703
0.0745554
0.034982
0.0617211
0.0796071
0.0602291
0.0894357
0.0633945
0.0884371
0.0839752
0.0864247
0.0907019
0.103115
0.114701
0.113838
0.112493
0.105036
0.0776623
0.0883495
0.0786905
0.0623317
0.0640182
0.0707252
0.0600961
0.0556904
0.0564827
0.160033
0.118709
0.0832304
0.0852983
0.0728683
0.0721819
0.0905398
0.0814824
0.0727399
0.069874
0.0759372
0.0701092
0.063474
0.129001
0.430905
0.464666
0.217507
0.196545
0.22475
0.198776
0.334578
0.355472
0.308407
0.117895
0.160314
0.0744165
0.117543
0.122655
0.120464
0.138732
0.141738
0.130996
0.131605
0.133535
0.139077
0.13305
0.141912
0.134207
0.143569
0.134382
0.159056
0.167995
0.163082
0.152654
0.155608
0.131706
0.144582
0.118705
0.133283
0.0997021
0.122996
0.133378
0.127329
0.148443
0.198893
0.199569
0.127296
0.180944
0.102135
0.137987
0.0758787
0.111084
0.0877662
0.109752
0.111588
0.106647
0.10193
0.159533
0.347803
0.284059
0.30759
0.180235
0.139492
0.102904
0.111482
0.0910364
0.0941793
0.134981
0.0876828
0.118569
0.0744141
0.125193
0.0576237
0.0815261
0.0488303
0.0709534
0.062761
0.0671823
0.081763
0.0707749
0.0922472
0.0661955
0.0890236
0.0546085
0.100836
0.55587
0.476586
0.3684
0.41455
0.288234
0.238745
0.472595
0.678567
0.187676
0.070911
0.0942058
0.0484363
0.0592657
0.10975
0.27197
0.256444
0.116366
0.108917
0.108425
0.085199
0.123775
0.0799233
0.0708755
0.0519621
0.060998
0.0534686
0.108134
0.787107
0.652955
0.417855
0.162717
0.204992
0.206649
0.243202
0.591214
0.214173
0.217694
0.142601
0.110425
0.162281
0.135905
0.120687
0.15872
0.139999
0.117264
0.117361
0.112129
0.117664
0.1467
0.100811
0.100914
0.0875737
0.0956663
0.104167
0.117764
0.153651
0.125836
0.113456
0.118943
0.114851
0.121359
0.105121
0.12106
0.109984
0.117361
0.10975
0.0808846
0.202479
0.134624
0.164802
0.17544
0.138768
0.165367
0.12746
0.16584
0.147402
0.138416
0.161476
0.105521
0.131439
0.127184
0.278963
0.205968
0.232107
0.197892
0.141986
0.151946
0.129715
0.121947
0.117491
0.088634
0.0928233
0.110867
0.0782919
0.093331
0.0785057
0.063314
0.0634491
0.0547059
0.0655598
0.0698104
0.0790236
0.100556
0.10241
0.0929866
0.10809
0.10406
0.0915321
0.134915
0.119993
0.147923
0.109802
0.114584
0.114608
0.0780966
0.0806829
0.0527411
0.0711387
0.0682198
0.0507601
0.0607088
0.132569
0.139702
0.101692
0.0918505
0.0943369
0.0879611
0.0851776
0.103345
0.0935856
0.0838604
0.107039
0.0952889
0.128924
0.118586
0.540415
0.501335
0.647294
0.23473
0.176988
0.253312
0.180095
0.433438
0.447804
0.237853
0.143213
0.140193
0.107241
0.106041
0.108595
0.112875
0.153107
0.0830247
0.100412
0.127308
0.0897289
0.102524
0.0735491
0.0705225
0.098508
0.081112
0.092688
0.109945
0.145196
0.16188
0.137366
0.108755
0.106648
0.114163
0.115353
0.0983011
0.0982143
0.110177
0.111424
0.0928779
0.0993399
0.17166
0.163878
0.130196
0.144161
0.114776
0.109938
0.115332
0.114195
0.1397
0.11247
0.120712
0.114298
0.0902159
0.329944
0.277387
0.2194
0.211914
0.129953
0.106234
0.103061
0.0851102
0.110915
0.0829017
0.0952501
0.0945949
0.100334
0.094123
0.0732892
0.0901665
0.0877117
0.0561927
0.0564735
0.0568662
0.0579461
0.0556069
0.0540405
0.0571118
0.0564787
0.0622972
0.0505971
0.0879428
0.0648393
0.0800748
0.0656893
0.0592956
0.0560358
0.0576684
0.0639427
0.0572114
0.0792832
0.0752347
0.0699743
0.0691485
0.0863015
0.170971
0.0994837
0.0765815
0.0760666
0.0818618
0.0775907
0.0640885
0.0602589
0.0657468
0.0723277
0.0711317
0.0686467
0.063435
0.246846
0.554561
0.692566
0.181247
0.0949809
0.297933
0.122437
0.532365
0.555578
0.173856
0.119418
0.11053
0.0798908
0.124679
0.0970399
0.133321
0.132569
0.0959925
0.13088
0.10898
0.128311
0.0944232
0.0937361
0.102403
0.0806939
0.0800035
0.0729663
0.126184
0.143795
0.142916
0.127261
0.134877
0.115728
0.097733
0.10746
0.10231
0.10791
0.0997841
0.0900041
0.108586
0.0919893
0.182403
0.146495
0.140008
0.188531
0.113324
0.13436
0.138372
0.093774
0.134085
0.10923
0.144422
0.151485
0.133137
0.297514
0.275557
0.205665
0.277649
0.158586
0.13917
0.113069
0.108791
0.141914
0.0806041
0.115196
0.0971687
0.0992225
0.095523
0.070679
0.0598596
0.0800797
0.0456077
0.0767922
0.0925463
0.0769383
0.10227
0.0776706
0.0939712
0.087119
0.078133
0.0853445
0.116253
0.121161
0.109426
0.128482
0.107928
0.0946476
0.11516
0.073578
0.0826703
0.079633
0.0830875
0.0837864
0.0593391
0.0633807
0.187469
0.115225
0.100184
0.090861
0.0844171
0.0977188
0.0875829
0.0734419
0.0713526
0.0648296
0.074252
0.0703393
0.0580483
0.186928
0.448352
0.433171
0.252336
0.19872
0.27032
0.204675
0.359657
0.335
0.33557
0.161576
0.139142
0.0904566
0.0964043
0.117651
0.128588
0.160105
0.119804
0.140218
0.124714
0.143397
0.143701
0.135715
0.140963
0.12264
0.165152
0.126788
0.168104
0.14988
0.183784
0.161834
0.194315
0.146089
0.153148
0.125506
0.149953
0.1136
0.110165
0.112815
0.11706
0.13989
0.181196
0.190702
0.123403
0.145468
0.0948922
0.130534
0.0828517
0.111683
0.0923433
0.10268
0.109717
0.109136
0.110531
0.139121
0.300913
0.312105
0.211335
0.212441
0.177691
0.170326
0.148284
0.0868413
0.0691073
0.0779339
0.0724331
0.0808921
0.0541702
0.0612841
0.0520585
0.0558139
0.0486008
0.0440205
0.0452909
0.0482021
0.0577466
0.0508475
0.0529644
0.0467832
0.0518206
0.0395864
0.0651689
0.0783043
0.084731
0.0737602
0.0619236
0.0554896
0.0439198
0.0402506
0.0327246
0.0375723
0.0328457
0.0370522
0.0342467
0.0317267
0.075863
0.0945024
0.0911431
0.0842356
0.0767424
0.0648332
0.0736022
0.068401
0.0722642
0.0645919
0.0663306
0.065701
0.0632074
0.0561118
0.637199
0.525795
0.44315
0.281129
0.196453
0.264323
0.438456
0.440573
0.298263
0.167564
0.122687
0.090059
0.0754478
0.0755874
0.0948716
0.113829
0.106439
0.105709
0.0971251
0.0940184
0.10262
0.104606
0.0966769
0.0818146
0.0801699
0.0919765
0.0790968
0.0979493
0.107224
0.113877
0.110048
0.0880915
0.0839482
0.104331
0.10726
0.0873548
0.0721169
0.0900131
0.0979258
0.0876404
0.1459
0.17017
0.139919
0.111585
0.115275
0.112139
0.110589
0.107821
0.120017
0.125514
0.109788
0.103897
0.0763391
0.0813957
0.328009
0.2166
0.213488
0.188463
0.113469
0.107113
0.0770325
0.0885811
0.0775487
0.089112
0.0661607
0.0830157
0.0623351
0.0710704
0.0789454
0.0754175
0.0761731
0.0719159
0.0540608
0.0527416
0.0591144
0.063113
0.0624446
0.0618638
0.0704666
0.0674718
0.0569282
0.0778944
0.0751038
0.070897
0.059152
0.0561657
0.0640437
0.0521395
0.0542912
0.0584653
0.0546958
0.0550371
0.0438247
0.036133
0.102951
0.110502
0.0717718
0.0594098
0.0586284
0.0574459
0.0555536
0.0605152
0.059956
0.0570047
0.0670507
0.0589175
0.0616584
0.0570781
0.292777
0.533202
0.596654
0.237588
0.188048
0.285027
0.323759
0.376274
0.340175
0.131463
0.0844378
0.0589712
0.053312
0.055379
0.109105
0.107123
0.0984043
0.0947289
0.0956383
0.105584
0.09055
0.0821988
0.0820473
0.073214
0.0707411
0.0746788
0.085425
0.106886
0.107147
0.121623
0.1321
0.110945
0.07441
0.0741247
0.0901414
0.0936834
0.0754277
0.0797492
0.0861052
0.072826
0.0851407
0.153482
0.125477
0.0959752
0.101578
0.102899
0.0918383
0.109471
0.110927
0.114573
0.112123
0.0969312
0.0849836
0.0697528
0.178942
0.198278
0.200846
0.172113
0.0997055
0.0680145
0.0727587
0.0748496
0.0815693
0.0670514
0.0674238
0.0674129
0.066748
0.063003
0.054711
0.0468067
0.0495801
0.0450993
0.0412379
0.0352305
0.0376557
0.0388384
0.0391297
0.0317139
0.0378729
0.0352591
0.0257091
0.0642173
0.0436554
0.0414009
0.0422843
0.0326069
0.0328717
0.0381502
0.0343343
0.0439389
0.0414102
0.0385498
0.0523155
0.0357818
0.0585762
0.12641
0.0866601
0.0709594
0.0643425
0.0580005
0.0568118
0.0589749
0.0467063
0.0433208
0.0393485
0.0359463
0.031842
0.0258758
0.10505
0.566279
0.575214
0.166161
0.189418
0.432683
0.176321
0.451522
0.388498
0.234569
0.122275
0.0723416
0.0603378
0.0832455
0.0867942
0.0818177
0.0724397
0.0684707
0.0783739
0.0712386
0.0744979
0.0794271
0.0715873
0.0791717
0.0773331
0.0714265
0.0737716
0.110675
0.126686
0.0952824
0.0851721
0.0937387
0.0928195
0.0730365
0.0738276
0.0784976
0.0957699
0.0970078
0.0817846
0.0831407
0.0937729
0.168956
0.129471
0.12954
0.117618
0.115671
0.0958929
0.0774665
0.0956691
0.0981485
0.103003
0.0954848
0.0990524
0.0861208
0.179806
0.237421
0.199383
0.186358
0.147235
0.0875179
0.0900671
0.081747
0.0865127
0.0701931
0.0807826
0.084034
0.0769807
0.0673327
0.0736382
0.0597488
0.0680266
0.0736114
0.0685447
0.070106
0.0606039
0.0587677
0.071285
0.0585443
0.0714053
0.0551357
0.0523105
0.0798374
0.0823052
0.0826882
0.0771721
0.0692391
0.060258
0.0544137
0.0506389
0.048385
0.0428531
0.0421585
0.0425638
0.0413325
0.041571
0.154704
0.0924049
0.0642005
0.0557359
0.064985
0.058942
0.0560407
0.0572703
0.0531579
0.0590948
0.0572499
0.0528828
0.045191
0.105782
0.675813
0.713891
0.348756
0.234257
0.202072
0.153638
0.239772
0.427402
0.370298
0.128147
0.121985
0.0935055
0.0952108
0.123001
0.118554
0.121548
0.10999
0.112948
0.09789
0.108789
0.0973138
0.1014
0.0884032
0.100542
0.101363
0.0939016
0.0900722
0.115949
0.0908385
0.0771361
0.0861899
0.0950446
0.101618
0.0859175
0.0882108
0.0851133
0.0886954
0.0749693
0.0768552
0.0752912
0.174793
0.152841
0.128041
0.115391
0.0966652
0.10033
0.0813797
0.0740918
0.0672666
0.0674331
0.0724951
0.0829725
0.0703971
0.103579
0.256305
0.281338
0.199282
0.173748
0.106702
0.0809574
0.0948376
0.0626835
0.0689913
0.0642153
0.0609167
0.0610446
0.0502298
0.0536536
0.0758515
0.0575061
0.0444674
0.131125
0.0523692
0.0647003
0.0388445
0.045695
0.0456482
0.0539356
0.0472578
0.0573513
0.0611469
0.493306
0.443635
0.349584
0.328704
0.1698
0.244472
0.313615
0.524579
0.27078
0.0794071
0.0738591
0.0460186
0.0302397
0.0473939
0.258809
0.20733
0.0945706
0.0767708
0.0981083
0.0810451
0.0906866
0.0806262
0.0917259
0.0599078
0.0550429
0.0586118
0.0589817
0.454162
0.550252
0.483758
0.299533
0.204786
0.295818
0.43509
0.372065
0.33724
0.173818
0.13472
0.0966235
0.081305
0.080432
0.109718
0.0954755
0.0978256
0.100859
0.0883658
0.0809127
0.0867783
0.0918697
0.0914916
0.0792967
0.0632634
0.0831814
0.0764395
0.105056
0.111158
0.114
0.102047
0.0702292
0.0794197
0.0950911
0.0957274
0.0879964
0.0804244
0.0789216
0.0952273
0.0885687
0.129055
0.153695
0.138983
0.125941
0.111602
0.116945
0.10941
0.0930547
0.0930736
0.0911004
0.0831353
0.0814982
0.0719596
0.0765118
0.308951
0.1637
0.16907
0.151861
0.103841
0.089349
0.0769496
0.0891376
0.0736542
0.0795001
0.0681439
0.0829484
0.0681118
0.0779128
0.0691724
0.0697678
0.0651461
0.0641124
0.0501647
0.053427
0.0606417
0.0697969
0.0622159
0.0707447
0.0728909
0.067302
0.056711
0.0767589
0.0797329
0.0707124
0.0621436
0.0598769
0.0626217
0.0552266
0.0447726
0.0526488
0.0550421
0.0454172
0.0453738
0.0393896
0.0802627
0.130627
0.0837453
0.0638783
0.0718703
0.0545439
0.0530029
0.0560723
0.0583371
0.0536449
0.0623226
0.0538398
0.0531848
0.0540803
0.188077
0.519319
0.73686
0.254872
0.19916
0.333446
0.241735
0.405507
0.395457
0.101997
0.0808781
0.0493746
0.0491721
0.0547527
0.0923839
0.103974
0.0951272
0.106186
0.097051
0.0903823
0.0983126
0.0855922
0.0822401
0.0723694
0.0751566
0.0731927
0.0857714
0.126069
0.107439
0.121413
0.137618
0.103967
0.0805925
0.0863386
0.102932
0.0907997
0.0848615
0.0814053
0.0865975
0.081828
0.0881265
0.151916
0.127147
0.119576
0.114719
0.11192
0.107234
0.12018
0.110881
0.101235
0.101509
0.083792
0.0701952
0.0669002
0.185136
0.225037
0.186812
0.191155
0.11592
0.0820424
0.0816417
0.0780231
0.0781757
0.0689924
0.0671508
0.0790106
0.070614
0.0597089
0.0499836
0.0472204
0.0523017
0.0469791
0.043817
0.0484283
0.0444969
0.0427579
0.0449234
0.0363343
0.0440086
0.0331453
0.0220536
0.0690373
0.0484839
0.0408637
0.0393085
0.0260111
0.030756
0.0301339
0.0225829
0.0520239
0.0309638
0.0311461
0.0485712
0.0375586
0.039917
0.131082
0.0777733
0.0578154
0.0589399
0.0560368
0.0488882
0.0435885
0.040607
0.0371223
0.0310627
0.0345626
0.0289926
0.0217585
0.0751222
0.729265
0.596854
0.246191
0.254344
0.417994
0.184552
0.374562
0.409958
0.251171
0.13226
0.0803599
0.0580584
0.0561054
0.0832344
0.0825854
0.0823777
0.0792358
0.081327
0.081175
0.0852314
0.0785614
0.0655351
0.0700716
0.0767585
0.0631075
0.0593173
0.0849497
0.0991137
0.0870104
0.0733341
0.090561
0.0947523
0.0851941
0.0681345
0.0766785
0.0887658
0.0835228
0.0829233
0.0809736
0.0844608
0.17414
0.135166
0.106576
0.0905881
0.0997577
0.0988818
0.0739708
0.0743076
0.0843331
0.102499
0.094729
0.080294
0.081796
0.165827
0.24473
0.17821
0.169437
0.119913
0.0773266
0.0788336
0.0839327
0.0827954
0.0669719
0.0626748
0.0750348
0.0688072
0.0681205
0.0695646
0.0719289
0.0747203
0.0632513
0.0614017
0.06103
0.0562993
0.0494624
0.0583929
0.0411028
0.0548203
0.046485
0.0573312
0.0660194
0.0760768
0.0726275
0.0674295
0.0651836
0.0571505
0.0528151
0.0510602
0.050011
0.0496305
0.0461554
0.0477305
0.0433225
0.0360868
0.136241
0.0811264
0.0623847
0.0482705
0.0546161
0.0565606
0.0491674
0.0528105
0.0511611
0.0533972
0.0522309
0.0443909
0.0375668
0.0749878
0.525273
0.575716
0.428074
0.225749
0.199621
0.171215
0.296836
0.378823
0.297302
0.144087
0.0765284
0.0770781
0.0689876
0.0992336
0.10078
0.110513
0.11135
0.105195
0.0945483
0.0926252
0.0887097
0.0877291
0.0830428
0.0857555
0.0808665
0.0821271
0.076549
0.0965795
0.0891772
0.070812
0.0738837
0.0796812
0.0846822
0.0858482
0.0848101
0.0749503
0.0824372
0.082269
0.0810609
0.0661649
0.163911
0.138039
0.12142
0.11435
0.103651
0.103108
0.106844
0.07675
0.0695136
0.0711838
0.0680703
0.0799896
0.0688663
0.0777757
0.250302
0.258975
0.204683
0.172117
0.0899448
0.0747026
0.073963
0.0662952
0.0601852
0.0588651
0.0517994
0.0535437
0.0428835
0.0593325
0.0536243
0.0490674
0.0459451
0.0535151
0.055531
0.0453184
0.04638
0.0322479
0.0342064
0.0341591
0.0310369
0.0308964
0.0393181
0.0487655
0.0411617
0.0474995
0.0398258
0.0385063
0.0296832
0.0460834
0.0398256
0.0376459
0.036818
0.0339699
0.0360023
0.0219905
0.0544678
0.0680476
0.049619
0.0441537
0.0526265
0.0472121
0.0480136
0.0563289
0.0565628
0.0535185
0.04564
0.0477529
0.0419245
0.0513657
0.535863
0.548762
0.702678
0.223643
0.217302
0.239439
0.218648
0.470916
0.375957
0.183143
0.10209
0.118615
0.0998564
0.0884671
0.126497
0.109786
0.130803
0.0882389
0.110763
0.107566
0.0935031
0.095515
0.0947719
0.100697
0.0804879
0.0922931
0.109187
0.102407
0.116328
0.100886
0.10018
0.0924616
0.0916628
0.0922575
0.102664
0.109263
0.0892198
0.12345
0.0976802
0.107328
0.137637
0.129487
0.132612
0.121942
0.134605
0.134514
0.0949235
0.115063
0.0938671
0.121599
0.112886
0.0806889
0.0880347
0.0803722
0.31673
0.261935
0.181674
0.189198
0.145204
0.124706
0.102647
0.0999176
0.111656
0.0850629
0.0947059
0.0976247
0.0730787
0.0859075
0.0707753
0.0591627
0.0606949
0.046298
0.0633076
0.0824004
0.059875
0.0777868
0.0746453
0.0791635
0.0823993
0.0616362
0.089841
0.0931212
0.080061
0.0856204
0.0641008
0.0829862
0.067943
0.0659521
0.0634142
0.0444617
0.0600959
0.0587347
0.0490929
0.0523184
0.081462
0.139035
0.076139
0.0588459
0.0759145
0.0631768
0.0703795
0.0614124
0.0536403
0.0805381
0.0791328
0.071702
0.0896703
0.0761299
0.302842
0.416978
0.232096
0.132186
0.103912
0.0899456
0.11395
0.111025
0.103433
0.101032
0.0795731
0.12057
0.098655
0.0975284
0.0966024
0.104738
0.12325
0.102318
0.129749
0.0952242
0.100588
0.126757
0.0879093
0.111472
0.0827205
0.0819639
0.110304
0.124842
0.124889
0.13744
0.126265
0.139861
0.0917954
0.0853008
0.114388
0.119189
0.102503
0.0788468
0.0829957
0.0891842
0.0916049
0.176433
0.138028
0.12084
0.130245
0.0983507
0.113232
0.0973649
0.0976483
0.133893
0.0869006
0.101825
0.0897487
0.0892456
0.211235
0.216157
0.147937
0.199487
0.0998517
0.0900902
0.0814625
0.0906437
0.102355
0.0731199
0.0877384
0.0655398
0.0952431
0.0893871
0.0600116
0.0865881
0.0943962
0.0651795
0.0625219
0.0427195
0.0593988
0.0659158
0.0410976
0.049959
0.0367688
0.0499372
0.0583141
0.0903384
0.070987
0.0626541
0.0748202
0.0658709
0.0388962
0.0638446
0.0579512
0.0476155
0.0665135
0.0411115
0.0629794
0.0628917
0.0683693
0.172814
0.0946177
0.0815794
0.0661901
0.0654588
0.0581433
0.0481758
0.0562954
0.0415408
0.0447485
0.0512806
0.0528205
0.0493152
0.113884
0.625611
0.522578
0.239178
0.149727
0.265365
0.170228
0.300251
0.462625
0.181184
0.136633
0.0945907
0.0642733
0.0996381
0.0771451
0.0931012
0.0832341
0.083531
0.0753146
0.0733378
0.105228
0.0659488
0.0742186
0.0571915
0.0650129
0.0857621
0.0546078
0.0878256
0.118092
0.0989428
0.0970562
0.0712329
0.0828613
0.0777239
0.0582193
0.0718165
0.0733939
0.0729788
0.0722014
0.0630356
0.0492573
0.156198
0.106209
0.101154
0.115076
0.079711
0.097867
0.0645426
0.0737427
0.0883101
0.0664473
0.0871553
0.0851456
0.0929695
0.141619
0.252545
0.144886
0.171345
0.104498
0.091825
0.0713728
0.0925562
0.0824049
0.0732921
0.0570834
0.0644374
0.0895458
0.0694755
0.0657899
0.0638777
0.0843456
0.0692027
0.054197
0.0526795
0.0793626
0.0704486
0.0592258
0.0620603
0.049129
0.0561277
0.0630944
0.072621
0.0756999
0.0567374
0.0866033
0.0732921
0.060084
0.0512601
0.0557574
0.0558065
0.0477401
0.0521749
0.0550105
0.0446869
0.0453929
0.131994
0.0859898
0.0629788
0.0610163
0.048344
0.0578234
0.0457907
0.0496816
0.0368419
0.0446855
0.044104
0.0410793
0.0449535
0.0626431
0.250871
0.194114
0.221943
0.235609
0.0524454
0.132344
0.0547768
0.116035
0.073196
0.0888742
0.0845711
0.0529161
0.0936482
0.0532163
0.0975458
0.0985129
0.089757
0.113495
0.0778474
0.115555
0.0918606
0.102363
0.110447
0.0976653
0.111023
0.103879
0.138376
0.0934548
0.105852
0.0851588
0.107139
0.0879843
0.124081
0.111008
0.126612
0.114326
0.123616
0.10781
0.116207
0.104391
0.142393
0.155908
0.10311
0.112444
0.0984229
0.107899
0.0846156
0.106229
0.0705425
0.0908581
0.0703316
0.0844469
0.0813022
0.0744726
0.190185
0.257452
0.269973
0.183336
0.112337
0.104281
0.0816849
0.0869661
0.13604
0.0771002
0.0948674
0.0795481
0.0826637
0.129964
0.118498
0.119118
0.136287
0.165566
0.162381
0.134531
0.127216
0.150134
0.164524
0.124765
0.161182
0.156978
0.184378
0.297082
0.655579
0.606276
0.2371
0.154147
0.315018
0.545371
0.501615
0.260158
0.266184
0.163891
0.147655
0.141597
0.133196
0.35701
0.201756
0.20054
0.118066
0.147837
0.15315
0.119187
0.0434438
0.020657
0.0357343
0.0393438
0.0437615
0.0309898
0.409974
0.442825
0.63372
0.244123
0.188878
0.225147
0.181738
0.434629
0.395543
0.171548
0.113929
0.125795
0.0855368
0.107621
0.0894904
0.0945281
0.108267
0.0785931
0.0955986
0.0988638
0.0823307
0.087223
0.0752647
0.0778954
0.0586156
0.0552468
0.0680422
0.0907978
0.0774982
0.0872452
0.0749419
0.0788554
0.0791372
0.0674025
0.0890277
0.0814858
0.0751694
0.0827857
0.0650201
0.0759948
0.092671
0.0696634
0.111208
0.082084
0.0899774
0.0760378
0.0566077
0.0766143
0.0492032
0.0789294
0.0697055
0.0707477
0.0823219
0.0680876
0.112732
0.0830685
0.0815536
0.0816758
0.0733891
0.0899585
0.0692081
0.0680636
0.0747257
0.0601501
0.0716439
0.0687945
0.0591314
0.0758122
0.0709179
0.0713521
0.0844792
0.0539116
0.0627774
0.0721798
0.0613787
0.0642396
0.053747
0.0692959
0.0693729
0.0611703
0.0743837
0.0674255
0.0727506
0.0753588
0.058243
0.0789941
0.0444718
0.0688401
0.0569585
0.0424209
0.0629944
0.0484841
0.0601071
0.0644936
0.0547297
0.0762881
0.0551309
0.0538271
0.0616526
0.0485231
0.0683415
0.0480658
0.0420161
0.0699535
0.0595611
0.0620586
0.0743063
0.0635848
0.292701
0.349073
0.228487
0.130119
0.0919488
0.0944128
0.100934
0.0916237
0.108982
0.0731823
0.0686649
0.105685
0.0896624
0.0958146
0.0685989
0.0690393
0.0923436
0.0632167
0.11511
0.0608903
0.0660617
0.08781
0.0510452
0.07478
0.0456679
0.0566891
0.0919295
0.0726087
0.086347
0.0666564
0.0787646
0.0966669
0.0669235
0.0663682
0.0701789
0.0661546
0.0739336
0.0561482
0.0470858
0.076625
0.0630241
0.0689829
0.0705806
0.0664258
0.101337
0.0577293
0.06937
0.0563445
0.0432737
0.0854644
0.0439767
0.0679622
0.0618221
0.042051
0.0853575
0.0480651
0.0638017
0.0895456
0.0789015
0.0826083
0.0505175
0.0531157
0.119086
0.115448
0.0701243
0.152036
0.127663
0.157769
0.134208
0.186829
0.186227
0.176966
0.158638
0.122518
0.169991
0.158767
0.140379
0.170308
0.107475
0.14932
0.157233
0.143799
0.171733
0.127853
0.167645
0.156352
0.130622
0.142226
0.140547
0.152299
0.14356
0.109284
0.149714
0.144659
0.139125
0.173818
0.106523
0.151569
0.126985
0.105674
0.130053
0.0968598
0.132184
0.104851
0.102806
0.114148
0.113808
0.139427
0.140224
0.411552
0.316962
0.1624
0.109029
0.0818486
0.0733659
0.0694266
0.0967397
0.0857053
0.078011
0.0799388
0.0679425
0.0996134
0.0573348
0.0877464
0.0682192
0.067279
0.0831072
0.0660593
0.080146
0.068519
0.0728757
0.0597102
0.0583584
0.0625163
0.0601424
0.0607758
0.0730666
0.0649666
0.0688037
0.0767239
0.053917
0.0701745
0.0667433
0.059526
0.0792853
0.0577192
0.069344
0.0769037
0.0464027
0.105687
0.0570045
0.083788
0.105235
0.0619201
0.0851192
0.0398525
0.0632284
0.0876448
0.0568025
0.087495
0.0624703
0.0895467
0.0905678
0.0758628
0.0840698
0.0644706
0.0869286
0.0707975
0.0637027
0.0703423
0.0506995
0.0619888
0.0468016
0.0444863
0.0571479
0.0510612
0.0552379
0.0691917
0.0881251
0.0801987
0.0643111
0.0476448
0.0621755
0.0600545
0.0522932
0.0689924
0.0387258
0.064024
0.068826
0.0777934
0.068748
0.0532739
0.0893142
0.0680189
0.061693
0.052293
0.0478428
0.0647556
0.0465396
0.0474209
0.0544777
0.0403093
0.058547
0.0758743
0.0462035
0.0583015
0.0431499
0.0584678
0.0461965
0.039509
0.0491343
0.0168813
0.0250755
0.0357902
0.0386628
0.0349009
0.0576052
0.227633
0.257633
0.19626
0.215026
0.0408171
0.104317
0.0361936
0.0974619
0.0451404
0.0779074
0.0794606
0.0537525
0.0797261
0.0469314
0.0817631
0.0715695
0.0624234
0.103301
0.0614639
0.108888
0.0693394
0.109244
0.0783636
0.0942847
0.0773195
0.0933986
0.0857073
0.0843144
0.10517
0.0740368
0.0886117
0.0607181
0.110172
0.0753917
0.122285
0.0651249
0.123964
0.0738718
0.123905
0.0954491
0.103504
0.07663
0.0795076
0.0887172
0.0573355
0.0857612
0.0450027
0.0984426
0.0336879
0.101035
0.0307639
0.0763792
0.0357454
0.0671705
0.070186
0.0546285
0.0967447
0.048379
0.0790353
0.0475333
0.0619683
0.0445203
0.0290239
0.05774
0.0426969
0.0606666
0.075797
0.0560459
0.0624007
0.0313004
0.0395577
0.0980568
0.0691394
0.0282308
0.0605342
0.125611
0.051392
0.0331993
0.089438
0.0899367
0.0926644
0.110564
0.0495939
0.0793791
0.0480964
0.089392
0.0959255
0.151913
0.211969
0.194876
0.129522
0.106587
0.213021
0.0993679
0.190543
0.32464
0.348408
0.175328
0.15564
0.104989
0.0938415
0.173434
0.0319946
0.0391881
0.0157267
0.0367954
0.0290706
0.0291345
0.346128
0.5996
0.739847
0.174221
0.0777973
0.177237
0.089937
0.352482
0.375574
0.141011
0.0755881
0.0902051
0.0490762
0.0726917
0.0410968
0.0409626
0.0568675
0.027003
0.0416589
0.0396651
0.0378447
0.0623713
0.0282623
0.049414
0.0331238
0.0260562
0.0481389
0.0198959
0.0317868
0.0242976
0.0223413
0.0376299
0.0151488
0.0344085
0.0310637
0.0249497
0.0277121
0.0203783
0.022019
0.0278102
0.0265838
0.0221514
0.0232212
0.0211981
0.0220772
0.0199901
0.0195354
0.027161
0.0264685
0.0224951
0.0360594
0.0314774
0.0323253
0.0271227
0.0221499
0.0502428
0.0289597
0.0305724
0.0377473
0.0262407
0.0321657
0.0294066
0.0223956
0.0271425
0.0191483
0.0221743
0.0209791
0.0255092
0.0271542
0.0265367
0.0239984
0.0223216
0.0153173
0.0292879
0.0212385
0.020335
0.0299866
0.0221257
0.0282988
0.0297614
0.0178054
0.0405621
0.0277712
0.0371639
0.0318131
0.0259033
0.0360138
0.0258913
0.0327904
0.0290395
0.019424
0.0323503
0.0193104
0.0219613
0.0309691
0.0321801
0.0339122
0.0239706
0.0278578
0.0286231
0.0255854
0.0287149
0.023824
0.0228461
0.0303512
0.0248041
0.0344543
0.0240397
0.0231295
0.0342243
0.0173248
0.0198092
0.0271848
0.0152188
0.0276032
0.0213153
0.024147
0.0282998
0.0178863
0.0251267
0.0305193
0.0176914
0.0320763
0.0199064
0.0266646
0.0392108
0.0194059
0.0260219
0.0221635
0.0187125
0.0333822
0.0156378
0.027445
0.0213598
0.0202868
0.0294348
0.0164758
0.0236382
0.0274687
0.0193311
0.0228603
0.0168964
0.02547
0.019934
0.0176913
0.024551
0.0114259
0.0217881
0.0260759
0.0283952
0.0351064
0.025224
0.0219301
0.0242283
0.0188673
0.0311739
0.0226826
0.0189815
0.0261694
0.0121727
0.028796
0.0234555
0.0392416
0.0354237
0.0204889
0.0244791
0.0300214
0.0125562
0.0272953
0.0228438
0.0271063
0.027688
0.0185772
0.0281827
0.0230591
0.016521
0.0277255
0.0125063
0.0245686
0.0275917
0.0143288
0.0239655
0.0112034
0.0215415
0.0189471
0.0118957
0.0245503
0.0128803
0.0185889
0.0332864
0.0128169
0.0212976
0.0156038
0.0154027
0.0159767
0.00639743
0.0182496
0.0168495
0.00906756
0.0168172
0.00758711
0.0153195
0.0166246
0.0132491
0.0180586
0.0119391
0.0155209
0.0120231
0.00773276
0.020177
0.0143405
0.0120554
0.0111453
0.00998275
0.0178579
0.0146203
0.0363512
0.0380661
0.0239238
0.0336578
0.0206781
0.0195837
0.0336402
0.028688
0.0319717
0.0285279
0.0175301
0.0387122
0.0308839
0.0303504
0.0333386
0.0157942
0.0385267
0.0286448
0.0225655
0.0329805
0.0139423
0.0329355
0.0275142
0.0190431
0.0353214
0.0220954
0.0270633
0.0364915
0.0218411
0.0316582
0.0304214
0.0242146
0.0319835
0.0149509
0.0326683
0.0247647
0.0194994
0.0325601
0.0153716
0.0275118
0.0279689
0.0216987
0.0326777
0.0172468
0.0239913
0.0269003
0.0122726
0.0335872
0.0173906
0.0211086
0.024952
0.0104532
0.0300665
0.0170427
0.0163102
0.0420906
0.0122744
0.0274981
0.0220707
0.0128429
0.0310766
0.0145479
0.0174421
0.0155835
0.010248
0.0236498
0.0159377
0.0195222
0.0358145
0.0245867
0.0292413
0.0259198
0.0210213
0.0250484
0.0145005
0.0219236
0.0140472
0.0177653
0.024589
0.0135206
0.0161563
0.0158571
0.0277204
0.0298794
0.0229613
0.0206382
0.0195183
0.0176882
0.0288884
0.0211318
0.0214241
0.0234898
0.0148163
0.0241284
0.0108172
0.0248088
0.0279504
0.020205
0.0257925
0.0142412
0.0195039
0.0251747
0.0183779
0.0222096
0.0137874
0.0174691
0.0217293
0.0124242
0.0230784
0.0337125
0.038744
0.0413492
0.0297803
0.0308444
0.0317298
0.0330535
0.0346401
0.023058
0.0236177
0.0241949
0.015527
0.0166856
0.0256358
0.0387637
0.0467788
0.0366684
0.0357497
0.029819
0.0248943
0.0276817
0.0277665
0.0273622
0.0239942
0.0237496
0.0253477
0.0237777
0.0441704
0.0514453
0.0512913
0.0493934
0.0422247
0.036158
0.0461055
0.0358359
0.0321988
0.0265891
0.026809
0.0287704
0.0224862
0.0328225
0.0441564
0.0264802
0.0445249
0.0276916
0.0357023
0.0270981
0.0279265
0.0241557
0.0220769
0.0200129
0.0147618
0.0155514
0.0219235
0.0306123
0.0630671
0.0414299
0.0661825
0.0444295
0.0562119
0.0468785
0.0751648
0.0434197
0.0598637
0.0425981
0.0495015
0.0497398
0.0399498
0.0387842
0.0321379
0.0356345
0.038673
0.030921
0.0275049
0.026134
0.0261129
0.0340141
0.0317298
0.0265836
0.024672
0.0230378
0.0223996
0.0159988
0.0131821
0.0128736
0.0108133
0.012571
0.0098931
0.00905822
0.00973663
0.00701647
0.00926627
0.00769552
0.00734731
0.00888384
0.00812319
0.010062
0.00830454
0.0090475
0.0098829
0.00813894
0.00924854
0.00775311
0.00789859
0.00750884
0.00452877
0.00400828
0.00415582
0.00367175
0.00285822
0.00244947
0.00167618
0.00223327
0.00161033
0.00127862
0.00146868
0.00122772
0.00104715
0.00100605
0.00100972
0.000998111
0.000710219
0.000798179
0.000827849
0.000846743
0.000663073
0.000485611
0.000446469
0.000373058
0.000430564
0.000357675
0.00024136
0.000237634
0.000187181
0.000168416
0.000166387
0.000150224
0.000127588
0.000103481
8.22775e-005
7.45031e-005
6.33677e-005
4.91513e-005
4.98773e-005
4.86043e-005
4.12837e-005
3.16719e-005
2.56251e-005
2.14206e-005
2.44079e-005
1.95741e-005
1.32712e-005
1.24352e-005
1.39126e-005
2.10959e-005
3.12455e-005
2.62309e-005
2.54035e-005
3.8878e-005
2.57418e-005
2.69564e-005
2.86928e-005
2.54556e-005
-9.89491e-007
-1.09301e-007
6.67022e-008
1.13071e-008
3.53834e-008
3.40343e-008
1.1266e-008
-8.52707e-010
-1.52191e-011
