0
0
1.44656e-007
1.53586e-006
1.49372e-006
1.46808e-006
1.46548e-006
1.46301e-006
1.52828e-006
1.62229e-006
1.62222e-006
1.46097e-006
1.37396e-006
1.52586e-006
1.42102e-006
1.31077e-006
1.8195e-006
1.74427e-006
1.614e-006
1.63851e-006
1.55495e-006
1.49028e-006
1.45408e-006
1.49102e-006
1.52982e-006
1.58187e-006
1.60322e-006
1.75131e-006
1.64499e-006
1.6676e-006
1.87656e-006
2.09384e-006
1.96295e-006
1.81683e-006
1.61733e-006
1.66338e-006
1.91414e-006
1.59553e-006
1.49298e-006
1.50971e-006
1.54583e-006
1.65549e-006
1.57228e-006
2.03468e-006
1.95849e-006
1.99486e-006
2.40662e-006
1.932e-006
1.83266e-006
2.24628e-006
2.18811e-006
2.224e-006
2.0134e-006
2.11759e-006
2.17314e-006
1.83736e-006
2.11592e-006
2.1001e-006
1.95021e-006
1.81978e-006
1.7172e-006
1.71755e-006
1.64105e-006
1.69865e-006
2.46661e-006
2.17085e-006
2.31738e-006
2.53542e-006
2.28786e-006
2.13112e-006
2.88404e-006
2.55424e-006
2.37989e-006
2.53491e-006
2.59543e-006
2.35262e-006
2.1504e-006
2.74833e-006
2.63248e-006
2.8779e-006
2.75744e-006
2.74815e-006
2.19817e-006
3.28161e-006
2.89575e-006
2.86874e-006
3.08735e-006
2.77801e-006
2.77889e-006
2.8699e-006
3.03077e-006
2.34075e-006
2.13498e-006
2.49261e-006
2.21722e-006
2.53269e-006
2.27743e-006
2.00654e-006
1.71962e-006
1.91914e-006
1.80228e-006
2.05675e-006
2.20419e-006
2.09374e-006
2.17392e-006
2.20596e-006
2.39317e-006
2.68259e-006
2.89569e-006
3.08338e-006
3.91019e-006
5.8133e-006
3.92395e-006
4.63908e-006
5.51931e-006
7.0355e-006
9.21283e-006
9.62829e-006
1.50421e-005
1.11166e-005
8.7417e-006
6.06022e-006
6.00286e-006
4.42753e-006
2.00922e-005
2.07788e-005
1.83902e-005
1.57261e-005
1.43015e-005
1.18241e-005
1.3034e-005
1.40421e-005
1.4946e-005
1.52823e-005
1.53977e-005
1.58926e-005
1.69362e-005
2.01759e-005
3.38054e-005
3.88431e-005
3.90263e-005
3.76616e-005
2.83916e-005
1.493e-005
1.83466e-005
1.32137e-005
8.84309e-006
7.52916e-006
6.53566e-006
7.51366e-006
1.01794e-005
2.66317e-005
4.87225e-005
4.49572e-005
6.63375e-005
4.69411e-005
4.43207e-005
3.96902e-005
5.58498e-005
2.90938e-005
3.05755e-005
2.21826e-005
2.78637e-005
3.36003e-005
2.24057e-005
4.55865e-005
3.6209e-005
3.15167e-005
3.00783e-005
2.48489e-005
1.62406e-005
2.28121e-005
3.89877e-005
3.90946e-005
5.40907e-005
4.76856e-005
5.61748e-005
4.54252e-005
6.71298e-005
6.78525e-005
6.62445e-005
5.81397e-005
4.99615e-005
5.38314e-005
4.68889e-005
7.16678e-005
8.84202e-005
7.34769e-005
9.5084e-005
9.40662e-005
6.4577e-005
6.74024e-005
0.000123494
0.000104709
0.000112565
0.000103614
0.000109333
0.000135238
0.000140038
9.78475e-005
7.34929e-005
6.49003e-005
7.75482e-005
8.56868e-005
8.80854e-005
4.6747e-005
4.73965e-005
4.29904e-005
4.52228e-005
5.45402e-005
6.13943e-005
6.2498e-005
5.61634e-005
6.07545e-005
6.57423e-005
8.03126e-005
0.000110417
0.000130677
6.61627e-005
0.000391204
0.000259459
0.000249276
0.000230655
0.000238484
0.000231243
0.00017095
0.000163818
0.00010569
0.000113137
0.000124925
0.0001461
0.000106459
0.000200027
0.000276052
0.00017
0.000164548
0.000145596
0.000124403
0.000100676
0.0002357
0.000234791
0.000152333
0.000179517
0.000183235
0.000146899
0.000130592
0.000228032
0.000196693
0.000242091
0.000278543
0.000246434
0.00019066
0.000102692
0.00010773
9.88703e-005
9.15947e-005
8.64978e-005
0.000103066
7.96903e-005
0.00028601
0.000533261
0.000451243
0.000534834
0.000657229
0.000391691
0.000381769
0.000317367
0.000309025
0.000250289
0.000272539
0.00025034
0.000253517
0.00025481
0.000477991
0.000439322
0.000434327
0.000600323
0.000519041
0.000509105
0.000613679
0.000744367
0.00057526
0.000693478
0.000700813
0.000528903
0.000593595
0.000410845
0.00121553
0.0008369
0.000953837
0.000679783
0.000749648
0.000632357
0.000638238
0.00115285
0.00105416
0.000818987
0.000717412
0.000651048
0.000372451
0.00125872
0.00196183
0.002467
0.0025425
0.0021695
0.00191039
0.00180107
0.00187546
0.00163879
0.00133073
0.00147888
0.00138828
0.000973946
0.000862388
0.00140266
0.00139732
0.00135922
0.00146048
0.00123028
0.00125436
0.00148785
0.0026542
0.00220394
0.00187977
0.00200903
0.00183709
0.000815396
0.00454713
0.00261774
0.00271216
0.00227041
0.00187313
0.00167647
0.00136613
0.000536581
0.000619798
0.000516229
0.000661223
0.000729936
0.000600372
0.000987159
0.00118976
0.000846942
0.000739438
0.000555098
0.000518588
0.000295481
0.000408013
0.000613742
0.000578773
0.000652594
0.000714752
0.000621311
0.000466302
0.00129033
0.000900222
0.000956562
0.000897231
0.000615481
0.000588466
0.000346423
0.000385101
0.000329876
0.000417236
0.000382409
0.000362117
0.000278323
0.00107868
0.00262683
0.00236912
0.00151211
0.000970995
0.000658
0.000614254
0.000648106
0.000462022
0.000544964
0.000631226
0.000506336
0.000471237
0.000512354
0.00389219
0.00421506
0.00435259
0.00443981
0.00484943
0.00497661
0.00505501
0.00439653
0.00274547
0.00211348
0.00196248
0.00151962
0.00117405
0.00146741
0.00559579
0.00405466
0.00423838
0.00207048
0.0018217
0.00241906
0.00357838
0.00489171
0.00509098
0.00402375
0.00365034
0.00325702
0.00224839
0.00436701
0.00597639
0.00542063
0.00446387
0.00398044
0.00534833
0.00527272
0.0055216
0.00429373
0.00512576
0.00476408
0.00251409
0.00140463
0.000693176
0.00726681
0.00653404
0.00581997
0.00530125
0.00527423
0.00490997
0.00646048
0.00922438
0.00625229
0.00304929
0.00180027
0.00169465
0.00145382
0.00362979
0.00111365
0.00109669
0.00160008
0.00197991
0.00213074
0.00240497
0.00228222
0.00178391
0.00192572
0.00130469
0.00117736
0.000986253
0.000539044
0.00312407
0.00195646
0.0015259
0.00112649
0.00104987
0.00110066
0.0013307
0.00206959
0.0019363
0.00188142
0.00208937
0.00237707
0.00199822
0.00233433
0.00444941
0.00450318
0.00292791
0.00127974
0.000759133
0.000983579
0.00130869
0.000408751
0.000679342
0.000413415
0.000310852
0.000416564
0.00042712
0.00204516
0.00449831
0.00360356
0.00313668
0.00256492
0.00207905
0.00213845
0.00229116
0.00117915
0.00114012
0.0011397
0.00123583
0.00097252
0.00534243
0.00345874
0.00207346
0.00276471
0.00217443
0.00170955
0.00144122
0.00169444
0.0026278
0.00185897
0.00288736
0.00216667
0.0020505
0.00119755
0.0055396
0.00553425
0.00699597
0.00565116
0.00380879
0.00332845
0.00302546
0.00747271
0.00488782
0.0061465
0.00426815
0.0042496
0.00261153
0.00840826
0.0117865
0.0141522
0.0148021
0.0118499
0.011336
0.0177387
0.0103206
0.00729902
0.00329849
0.00469098
0.00603251
0.00839678
0.00680283
0.00669867
0.00480602
0.00572841
0.00539969
0.00721815
0.0072194
0.00674588
0.00481421
0.00333547
0.00344969
0.00425357
0.00561874
0.00545432
0.00594429
0.00420004
0.0011027
0.00210292
0.0030152
0.0034422
0.00449433
0.00395941
0.00375714
0.00355425
0.00280144
0.0018263
0.00199246
0.00114975
0.0046161
0.00453417
0.00300939
0.00194581
0.00207673
0.00196278
0.00128899
0.00305213
0.00322034
0.00243352
0.00286866
0.00402849
0.00390612
0.00349159
0.00758535
0.00806529
0.00586285
0.00373302
0.00221108
0.00163411
0.00153109
0.000837513
0.00137301
0.000984977
0.000659588
0.000660624
0.000749375
0.0022851
0.00602751
0.00691242
0.00520476
0.00344208
0.00334335
0.00251762
0.00341197
0.00155983
0.00156716
0.00112673
0.00165352
0.00153868
0.0014244
0.00770858
0.00269471
0.00387868
0.00371648
0.00321637
0.0022229
0.00180866
0.00243483
0.00301639
0.00375151
0.00292554
0.00367338
0.00262165
0.00478254
0.00673616
0.00768647
0.0074655
0.00504617
0.00407968
0.00373951
0.00989887
0.00730731
0.00751705
0.00753558
0.00494001
0.00404039
0.00374868
0.0154639
0.0151597
0.0197056
0.015062
0.0153429
0.0201784
0.01759
0.0109004
0.00432929
0.00470522
0.00754414
0.00999704
0.0100462
0.00760524
0.00632316
0.00560198
0.00595741
0.00691925
0.00871236
0.00965471
0.00612147
0.00365242
0.00432802
0.00465189
0.00528149
0.00712186
0.003764
0.0414714
0.0294176
0.0196972
0.0245402
0.0226582
0.0255143
0.0218587
0.0157419
0.0159265
0.0126525
0.012526
0.0116164
0.0184239
0.0117074
0.00732733
0.00778283
0.00523684
0.00532515
0.00370264
0.00367425
0.0083211
0.00788082
0.00771009
0.00574551
0.00484116
0.00399938
0.0016442
0.0142401
0.0115443
0.00829492
0.00803765
0.00635708
0.00404268
0.00241951
0.00509965
0.00314032
0.00305161
0.00186422
0.00153526
0.00124055
0.00231722
0.0071431
0.00513058
0.00738889
0.00943846
0.00744619
0.00721466
0.00703883
0.00432027
0.00442618
0.00657747
0.00391
0.00451565
0.00441483
0.00927043
0.00889185
0.0103181
0.012074
0.0138732
0.00983909
0.00485076
0.00640053
0.00573952
0.00449206
0.00474432
0.00458106
0.00328958
0.00570327
0.0166039
0.0103745
0.00924349
0.00971806
0.00835708
0.00836476
0.0137228
0.00966176
0.00644796
0.00616449
0.00365101
0.00418438
0.00420782
0.0356284
0.0247525
0.0286941
0.0250852
0.021833
0.0151552
0.00999343
0.010238
0.00810132
0.00739745
0.00700367
0.00447456
0.0056726
0.00601714
0.0290459
0.01608
0.0164009
0.0157311
0.0111636
0.0118636
0.0146619
0.00878749
0.00649267
0.00675058
0.00625313
0.00521957
0.00442476
0.0414323
0.0240351
0.0229352
0.0259921
0.0213915
0.0191879
0.0144668
0.00953631
0.0107369
0.0066138
0.00528985
0.0065882
0.00343237
0.00556269
0.00639414
0.00374633
0.00349734
0.00254549
0.00255278
0.0028822
0.00325199
0.00522658
0.00423746
0.00458853
0.00352267
0.00300785
0.00313036
0.00371925
0.00375814
0.00465635
0.00465644
0.00345657
0.00391041
0.00270749
0.00261539
0.00255965
0.00170743
0.00192469
0.00253799
0.00302656
0.000945657
0.00845111
0.00480736
0.00346438
0.00318363
0.00355372
0.00189185
0.00282619
0.00367247
0.0030718
0.00282273
0.00326707
0.00256604
0.00236915
0.0097522
0.0108901
0.00637723
0.00486657
0.00467237
0.00558487
0.00437922
0.00626158
0.00498217
0.00531573
0.00420659
0.00555108
0.00285547
0.00134583
0.0273123
0.0148636
0.0115408
0.0135765
0.00662398
0.00615124
0.00960729
0.00941375
0.00954854
0.00762166
0.00458653
0.0087655
0.00760118
0.0303272
0.0220839
0.0151443
0.0202192
0.022827
0.0140822
0.0123383
0.0158557
0.0134097
0.0111834
0.0129334
0.0102075
0.00613303
0.00333047
0.00948002
0.0106934
0.0113483
0.00892977
0.00976506
0.00875593
0.00815136
0.0086931
0.00709481
0.00872747
0.00850362
0.00582346
0.00336152
0.00786046
0.682059
0.109844
0.075271
0.0709157
0.0376361
0.0474347
0.0960588
0.0673135
0.0675632
0.0134628
0.0198924
0.0140096
0.0100677
0.00608205
0.00938676
0.00521157
0.00659253
0.00914626
0.00517392
0.00431418
0.0102892
0.0149694
0.0123816
0.0106281
0.0089735
0.00891812
0.00880076
0.0116112
0.0170511
0.0158112
0.00910858
0.00617065
0.00602736
0.00505872
0.00173749
0.00351925
0.00289883
0.00283338
0.00399725
0.00221125
0.0141049
0.0152815
0.0124626
0.00844354
0.00682019
0.00600828
0.00407129
0.00605511
0.0053963
0.00635831
0.00634833
0.00499568
0.00366787
0.00326124
0.0587841
0.0800753
0.106638
0.112039
0.0383107
0.0220123
0.0149538
0.0103307
0.0117184
0.0101391
0.00728706
0.00823327
0.00505573
0.0248965
0.0108019
0.00887492
0.0114549
0.0148664
0.0108419
0.00774383
0.0139609
0.00833479
0.00791126
0.00732536
0.00848526
0.00685991
0.0107817
0.035592
0.0247202
0.022091
0.0195422
0.0139081
0.0174546
0.0117789
0.00780935
0.00910846
0.00777799
0.00596147
0.00470248
0.00315208
0.025895
0.0173061
0.0139877
0.0147465
0.0117346
0.0112051
0.0095699
0.00903738
0.00837327
0.00934885
0.01018
0.00680944
0.00687597
0.0052489
0.358155
0.349562
0.209923
0.0500427
0.0460439
0.101794
0.0352999
0.0398529
0.0368363
0.0133789
0.0106686
0.0081014
0.00713867
0.00744427
0.00742519
0.00625284
0.00459367
0.0042641
0.00380194
0.00344467
0.0112382
0.00845809
0.00654526
0.00535499
0.00611209
0.00557888
0.00417288
0.012491
0.00693918
0.00723873
0.00666562
0.00553143
0.00494022
0.00691144
0.00436025
0.00351878
0.00275838
0.00258926
0.00201745
0.00177482
0.0100952
0.00634968
0.00674652
0.00640889
0.0069577
0.00619964
0.00487977
0.00737307
0.00642727
0.00307472
0.00338758
0.00250852
0.00232917
0.00131871
0.0386851
0.0437092
0.0875892
0.114639
0.0431364
0.0181539
0.0134077
0.0114328
0.0125021
0.00852948
0.00948606
0.00531121
0.00443412
0.0266496
0.0524367
0.0417744
0.0487083
0.0372947
0.0278302
0.0208435
0.0114265
0.0130189
0.0146005
0.00797482
0.00915436
0.013209
0.00715945
0.034799
0.0125057
0.0145726
0.0149173
0.014951
0.0140112
0.0151699
0.0281768
0.0169865
0.0194387
0.0235695
0.0180902
0.0176947
0.0650743
0.0749087
0.0314815
0.019165
0.0193145
0.0227983
0.018372
0.0205626
0.0161154
0.0156041
0.0121501
0.0109386
0.0136039
0.0102416
0.0677353
0.387476
0.0955882
0.0290512
0.0380184
0.0646205
0.0279063
0.109055
0.0612122
0.0581437
0.0192961
0.013671
0.0111381
0.0119812
0.00759032
0.00512588
0.00736456
0.00648875
0.0073333
0.00459151
0.0139784
0.00963991
0.00657313
0.00617653
0.00577401
0.00485612
0.00382225
0.0112693
0.0128303
0.0097216
0.00686846
0.00543547
0.00417967
0.00231622
0.00399396
0.00174319
0.00315995
0.00309476
0.00197828
0.00198549
0.00223272
0.00907859
0.00968351
0.00756093
0.00468461
0.00443279
0.00468145
0.00454042
0.00256692
0.00242621
0.00195184
0.00260442
0.00204935
0.00180685
0.0431811
0.0579594
0.0977241
0.197436
0.106893
0.0187297
0.0201542
0.0221104
0.0158787
0.0115417
0.0101965
0.00773848
0.00499009
0.00591563
0.0141325
0.0127636
0.0147558
0.0139138
0.0140664
0.0123836
0.017431
0.0134266
0.0106209
0.00659088
0.00408316
0.0038436
0.00320699
0.0277031
0.0258359
0.026947
0.0248582
0.0213423
0.0187299
0.0146142
0.0120512
0.00695804
0.00668092
0.00708384
0.00727994
0.00435796
0.00241028
0.0229965
0.012735
0.0157061
0.0173663
0.0157298
0.0126761
0.0140751
0.0143361
0.0131931
0.0111738
0.00874443
0.00934746
0.00739674
0.034115
0.369358
0.206848
0.0669517
0.0496386
0.0325034
0.033834
0.0320738
0.0410781
0.0253387
0.0124134
0.00803143
0.00514029
0.00506297
0.0028911
0.00281967
0.0029489
0.00336734
0.00189673
0.00247228
0.00224382
0.00697261
0.00329941
0.00250785
0.00216225
0.00234058
0.00188581
0.00478718
0.00394725
0.00260543
0.00218066
0.00221826
0.0026573
0.00180488
0.00369383
0.00135069
0.0012912
0.00142462
0.00168932
0.00124189
0.00075931
0.00588271
0.00305744
0.00257936
0.00270594
0.00287377
0.00290978
0.00361565
0.0024368
0.00155513
0.00204475
0.00251436
0.00206091
0.00132217
0.0332381
0.102605
0.378462
0.369357
0.235018
0.050694
0.0215698
0.0221129
0.0155802
0.0113343
0.00768524
0.005279
0.00602661
0.00515333
0.0208703
0.0169551
0.0154869
0.0150886
0.0107837
0.00711687
0.0120929
0.0123003
0.0111432
0.0102069
0.00988049
0.00928657
0.0075351
0.0116915
0.763913
0.1819
0.113405
0.0504448
0.0440073
0.040498
0.0599579
0.0515163
0.0453074
0.0256878
0.011344
0.00882047
0.00541923
0.0183223
0.38703
0.359739
0.0178929
0.019416
0.0184618
0.0157207
0.0164282
0.0112757
0.0124988
0.00965493
0.00757014
0.00601488
0.0139672
0.811689
0.148489
0.0550455
0.0420242
0.0312127
0.057117
0.0710657
0.0467357
0.0445814
0.0120425
0.0143073
0.00921238
0.00547438
0.00534528
0.0027535
0.00246959
0.00220143
0.00290581
0.00389535
0.00223374
0.0111176
0.00871124
0.00554253
0.00476495
0.00309106
0.00247996
0.00274504
0.00460318
0.00607458
0.0087705
0.00821887
0.00705395
0.00444674
0.00619183
0.00405884
0.00201848
0.00152918
0.00103907
0.00121067
0.00132008
0.0116655
0.00715061
0.0069015
0.00365189
0.00537443
0.00456294
0.00264374
0.00494704
0.00311952
0.00300226
0.00304166
0.00344855
0.0024501
0.00150195
0.0772603
0.115288
0.202506
0.256314
0.0574351
0.0201772
0.0257231
0.01595
0.0153086
0.00856223
0.00719876
0.00808013
0.00561051
0.0148861
0.0144075
0.00995249
0.0117355
0.011633
0.00910366
0.00851129
0.00926457
0.00883265
0.00917182
0.00721565
0.00795587
0.00666515
0.00486456
0.0231836
0.0278271
0.0279309
0.0192168
0.0173682
0.0141076
0.0111768
0.00705429
0.00542559
0.00619499
0.00784991
0.00498801
0.0024472
0.00892191
0.0111949
0.0093385
0.0092398
0.0091958
0.00924525
0.0079503
0.014673
0.00872918
0.0105578
0.00927693
0.00869061
0.00638582
0.00574877
0.435089
0.323294
0.0998964
0.0238543
0.0284024
0.0798703
0.0331404
0.0435028
0.0425681
0.0226492
0.0112075
0.0087855
0.00570803
0.012626
0.00625781
0.00390882
0.00381382
0.0034499
0.0024025
0.0017174
0.0104551
0.00625126
0.00567069
0.00554053
0.00532227
0.00453187
0.00314982
0.00562936
0.00723711
0.00928117
0.0111283
0.0105935
0.00314263
0.00174956
0.00391671
0.0025442
0.00390315
0.00258038
0.00207739
0.00221965
0.0107864
0.00723461
0.00596121
0.00401928
0.00448401
0.00373244
0.00369915
0.0102856
0.00515339
0.00673559
0.00693541
0.0041322
0.00224279
0.00139625
0.0736748
0.0460384
0.101163
0.128431
0.0573915
0.0157753
0.0246757
0.0166796
0.0113249
0.00717213
0.0088638
0.00621366
0.00660817
0.0151231
0.044183
0.0303625
0.0306688
0.0333539
0.0328566
0.0281301
0.0201464
0.0209099
0.0149838
0.0119122
0.0137757
0.0106604
0.00641092
0.0527494
0.0255304
0.014936
0.0134944
0.0305201
0.0180057
0.0177272
0.0436569
0.011788
0.0203882
0.0192062
0.0130962
0.0221777
0.0275407
0.0495936
0.0301533
0.0269899
0.0219796
0.021568
0.0188633
0.0215642
0.0162375
0.00974134
0.0116474
0.0125496
0.00872821
0.00569216
0.0309169
0.469288
0.0962264
0.0356735
0.0466983
0.082722
0.0395338
0.0827648
0.0840702
0.0272194
0.0331074
0.0175423
0.007695
0.0148481
0.0116551
0.00953857
0.0100056
0.0101843
0.00844895
0.00622363
0.00978699
0.0107682
0.00951338
0.00838959
0.00873052
0.00936522
0.00826623
0.0100749
0.00661243
0.00839106
0.00929835
0.00866975
0.0063267
0.00464539
0.00516506
0.00471628
0.00297301
0.00162137
0.00135198
0.00150679
0.00372398
0.00956082
0.00561283
0.00510305
0.00506109
0.00490973
0.00372619
0.00576442
0.00500516
0.00510952
0.00490925
0.00384559
0.00220281
0.00241024
0.0450147
0.122055
0.163643
0.272063
0.156204
0.0217639
0.025637
0.02613
0.0205802
0.0215241
0.00762901
0.00740815
0.00407537
0.00593485
0.0204169
0.0152645
0.0130252
0.0123721
0.0130827
0.0118932
0.0109843
0.00685474
0.00481078
0.00432662
0.00554986
0.00509863
0.00461732
0.0142055
0.0230983
0.0244966
0.0288893
0.0282141
0.0214892
0.0198945
0.0100112
0.00558012
0.00578541
0.00594801
0.00690277
0.00487269
0.00276628
0.0275538
0.0214001
0.0156773
0.0136051
0.0133704
0.0103514
0.00781696
0.0106565
0.00867403
0.00846493
0.00706591
0.00555236
0.00641227
0.0310513
0.800869
0.291173
0.0443417
0.0262083
0.0300733
0.0240155
0.0221557
0.0411753
0.0280509
0.0101649
0.00642972
0.00326991
0.00500301
0.00852824
0.00351914
0.00340361
0.00356077
0.00484277
0.00232536
0.00368465
0.005451
0.00478832
0.00420727
0.0033169
0.00277172
0.00215472
0.00216008
0.00310471
0.00269828
0.00181009
0.00167589
0.00197677
0.00255687
0.0032926
0.00213
0.00167515
0.000974765
0.00101555
0.00129314
0.00128687
0.0135694
0.00594061
0.00328972
0.00362446
0.00403235
0.00346895
0.00240358
0.00341474
0.00147568
0.00124425
0.00136583
0.00159134
0.00159897
0.00723117
0.0115916
0.0122085
0.0120674
0.0128846
0.0134997
0.0097685
0.00829256
0.00704448
0.00579325
0.0041758
0.00413556
0.003068
0.000979567
0.0354604
0.0198614
0.0157666
0.0128679
0.0117988
0.00779231
0.00635846
0.00615155
0.00492248
0.00786485
0.00756423
0.00775469
0.00752571
0.0113804
0.448537
0.143634
0.0908191
0.0670167
0.0753166
0.0467903
0.0815282
0.0918446
0.0617593
0.0217311
0.0187126
0.0081159
0.00419133
0.0209408
0.116261
0.107159
0.0251288
0.0175237
0.0146685
0.0117467
0.0149971
0.0172618
0.0176771
0.0111726
0.00906405
0.00822261
0.00754919
0.645612
0.0776396
0.0480822
0.0327065
0.0266026
0.0493728
0.0752007
0.0927576
0.0703849
0.0206021
0.0259982
0.0159138
0.0103757
0.0139719
0.0117558
0.00588879
0.0114261
0.00564262
0.00790059
0.0123005
0.0147882
0.0219047
0.0172222
0.0128623
0.00861396
0.00493459
0.00791065
0.0218999
0.0174195
0.0132866
0.0075193
0.00638404
0.0080378
0.00763652
0.0101204
0.00691298
0.00791285
0.00862441
0.00734594
0.00743068
0.0284455
0.0449772
0.0179567
0.0108519
0.0147558
0.0129657
0.0130486
0.010499
0.00767946
0.00709633
0.00724355
0.00724498
0.0096933
0.00545707
0.414888
0.0994809
0.35713
0.451949
0.0903698
0.0514309
0.0807468
0.0288714
0.0287372
0.0163189
0.0201662
0.0189664
0.0175744
0.0266116
0.0321263
0.0203449
0.0167544
0.00982432
0.0165144
0.0301685
0.019291
0.0132433
0.0111751
0.0122537
0.0155424
0.00550287
0.0069256
0.0455569
0.0426197
0.042783
0.0281217
0.0248487
0.015897
0.0210989
0.01193
0.00790636
0.00880729
0.00441518
0.00440627
0.00783045
0.0720601
0.0632115
0.0351692
0.0183482
0.0247083
0.019721
0.0233538
0.0184942
0.00897597
0.0162735
0.0122853
0.0118441
0.0120087
0.0104613
0.425594
0.196128
0.0350615
0.0171784
0.018104
0.045328
0.0216828
0.0472704
0.060536
0.0208271
0.0188849
0.0252548
0.0131127
0.0174755
0.00860107
0.00558571
0.00727091
0.00443664
0.00527984
0.00378976
0.0127833
0.0136234
0.0105696
0.00937827
0.00551801
0.0044646
0.00451114
0.0235251
0.00713329
0.0067465
0.00697329
0.0035218
0.00333033
0.00900273
0.00617815
0.0050022
0.00490816
0.0049391
0.00286688
0.00271272
0.00465146
0.0559272
0.0152726
0.0179091
0.011869
0.0146139
0.0147064
0.00890047
0.00965659
0.0114755
0.0063842
0.0047782
0.00413327
0.00246926
0.41652
0.140975
0.216902
0.4111
0.16785
0.0652175
0.0506997
0.0450406
0.0501646
0.014955
0.0207423
0.0134946
0.0118311
0.0247548
0.046115
0.0560027
0.0454446
0.0367851
0.0372461
0.0401944
0.0290853
0.0217549
0.0196287
0.0328481
0.025278
0.019927
0.013935
0.0815415
0.0325448
0.0245613
0.0426789
0.030768
0.0231889
0.0304149
0.0432676
0.031286
0.0231351
0.0375183
0.0370452
0.0330213
0.0399003
0.0914702
0.0739653
0.0501234
0.0344943
0.0467835
0.0357184
0.0466138
0.037952
0.0316109
0.0200241
0.0306433
0.023058
0.0223027
0.0635292
0.33199
0.0450389
0.0403712
0.0291591
0.0547851
0.0378334
0.075704
0.108925
0.0470085
0.0446371
0.0438023
0.0320642
0.0193413
0.0227751
0.0229618
0.0099926
0.0120324
0.0149198
0.00928401
0.0202202
0.023025
0.0242696
0.0167659
0.014843
0.00723502
0.00815161
0.0208777
0.0216423
0.0218396
0.0136915
0.0081023
0.00461042
0.00592336
0.00967856
0.00440797
0.00618331
0.0046394
0.00344483
0.0051303
0.00331951
0.0564186
0.0295544
0.021681
0.019387
0.0119972
0.0111349
0.0123964
0.00929929
0.00897723
0.00569605
0.00656616
0.00457582
0.00378107
0.226678
0.229346
0.404204
0.612145
0.268654
0.0772043
0.037517
0.0667727
0.0368171
0.0156196
0.0200986
0.0124904
0.00852595
0.00764528
0.031382
0.0189496
0.0170518
0.0118945
0.0134361
0.0161767
0.0136801
0.0128557
0.0129007
0.00910839
0.00699152
0.00570565
0.00792634
0.0272936
0.0380092
0.0260521
0.0303597
0.0262237
0.0196372
0.0175848
0.0177504
0.0118905
0.0108707
0.00700207
0.00635506
0.00597617
0.00426665
0.0608582
0.0378839
0.0248925
0.022868
0.0215668
0.0197726
0.0153515
0.0238849
0.011249
0.0113784
0.00926061
0.00768429
0.00803616
0.0271367
0.649229
0.0932595
0.0688646
0.0339013
0.0308548
0.0229831
0.050036
0.0429591
0.0176322
0.0201868
0.0124338
0.0193659
0.00844576
0.0128018
0.0120634
0.00542393
0.00952004
0.00827998
0.00370237
0.00561406
0.0131648
0.0173927
0.012816
0.0106837
0.0149609
0.00829255
0.010532
0.0133003
0.010615
0.00553047
0.0035612
0.00562856
0.00649853
0.00481491
0.00358836
0.00406926
0.00489408
0.00641896
0.00663785
0.00336941
0.0414965
0.0268813
0.01385
0.0086772
0.0106993
0.00821686
0.00544895
0.0226239
0.0050783
0.00576794
0.00594845
0.00439111
0.00244539
0.0113059
0.204985
0.399201
0.791622
0.418328
0.205362
0.0592763
0.0452372
0.0238417
0.0239464
0.00955174
0.0138253
0.00658211
0.0064038
0.0740813
0.0339065
0.0269852
0.029641
0.0166038
0.0124594
0.014329
0.0157831
0.0188609
0.0145153
0.0110932
0.0124459
0.0117993
0.0154403
0.926854
0.262215
0.108786
0.0344213
0.0226046
0.03784
0.0336924
0.0325797
0.038317
0.0143436
0.0109119
0.00994461
0.00731182
0.037887
0.417673
0.554399
0.0727506
0.0399251
0.0289571
0.0152588
0.0372184
0.0275665
0.0193251
0.00966011
0.00813475
0.00946609
0.00710293
0.617035
0.116857
0.0570068
0.0255688
0.0301542
0.0581279
0.0785982
0.0608379
0.0642164
0.0371932
0.0254377
0.0253973
0.0114232
0.0152654
0.0163267
0.0189364
0.0105724
0.00619725
0.00632819
0.00752297
0.0190425
0.0166071
0.0178512
0.0126007
0.00807597
0.00754882
0.0102712
0.0297696
0.0125964
0.013793
0.00856097
0.00481204
0.00662916
0.00625276
0.00826724
0.00876889
0.00309552
0.00497253
0.00444016
0.00421918
0.0132023
0.052084
0.0213324
0.0103812
0.0155557
0.013475
0.0125249
0.00936659
0.00600239
0.00811279
0.00631748
0.005911
0.00634791
0.00587977
0.334348
0.130661
0.333763
0.308589
0.100681
0.101253
0.0570288
0.0414502
0.0302698
0.0164898
0.0251053
0.0125032
0.0184753
0.0199682
0.019882
0.0307029
0.0187914
0.0178553
0.0152401
0.013321
0.0191848
0.0108246
0.0114031
0.0140138
0.0101195
0.00798592
0.00579338
0.0319046
0.0255193
0.0271863
0.0247612
0.0274797
0.0268012
0.0205325
0.0141776
0.0155453
0.0139195
0.00917499
0.0106892
0.00502355
0.0326404
0.0541973
0.0702537
0.0536181
0.0334182
0.0332046
0.0318016
0.027667
0.0220851
0.0223785
0.0173139
0.0108798
0.0110805
0.0103275
0.226876
0.329854
0.0342246
0.016829
0.0145883
0.0774907
0.0302826
0.0547577
0.034659
0.00810772
0.0120687
0.0107509
0.00769451
0.0252825
0.00694444
0.00716862
0.00879089
0.00396106
0.00594124
0.00299165
0.011948
0.0209102
0.0102609
0.0136862
0.013188
0.00759097
0.0102701
0.0285539
0.00980586
0.00670968
0.0114421
0.00805486
0.0053711
0.00345866
0.00627842
0.00843824
0.00410011
0.00144837
0.00159674
0.00186271
0.00523506
0.0647973
0.0234504
0.0123475
0.0151693
0.0104416
0.0131864
0.0063785
0.00450155
0.00551533
0.00478549
0.00582098
0.00400052
0.00239849
0.547539
0.141377
0.303481
0.44305
0.159836
0.054587
0.050004
0.0401426
0.0451864
0.0137372
0.01679
0.0113327
0.0117292
0.0333551
0.0415462
0.0380926
0.050305
0.03381
0.0345771
0.0307619
0.0273416
0.0218596
0.0193936
0.0163532
0.013378
0.0138372
0.00913508
0.0821301
0.0455589
0.0315385
0.0362859
0.0335391
0.0247692
0.0296083
0.0226901
0.0215194
0.0277907
0.0222407
0.0308007
0.0253371
0.0153285
0.0939948
0.0628482
0.0356493
0.0395749
0.0345055
0.0223645
0.0252663
0.0262416
0.0209432
0.0150784
0.0174789
0.0146181
0.0144707
0.0395057
0.580388
0.0759561
0.0557067
0.0381975
0.0710924
0.0906365
0.0601124
0.136614
0.0754098
0.0391447
0.0157915
0.0194085
0.034064
0.019111
0.0096154
0.00532097
0.0124335
0.0131073
0.00514226
0.0223169
0.00675104
0.00840164
0.0111189
0.00616161
0.0112105
0.00690221
0.0154962
0.027604
0.0138342
0.0131894
0.00825461
0.00556993
0.00749671
0.00755358
0.00912279
0.00608856
0.00430363
0.00333984
0.0024076
0.00219335
0.0465888
0.013985
0.0124999
0.0137267
0.0116472
0.0091498
0.00769618
0.0089978
0.00730884
0.00582636
0.00650972
0.00462464
0.00396719
0.0836031
0.151484
0.204881
0.367158
0.261066
0.0741067
0.058447
0.0599051
0.0333331
0.02908
0.02497
0.0149751
0.0136999
0.0114595
0.032195
0.0226283
0.0198015
0.0188218
0.0218181
0.0179089
0.0132218
0.0127149
0.0105911
0.0198168
0.00731363
0.00768374
0.00510295
0.0355324
0.0415134
0.0238206
0.0308034
0.0219247
0.0231651
0.0240032
0.0169859
0.0160147
0.0119083
0.0138394
0.0057125
0.00702412
0.00699374
0.0686753
0.0457945
0.0435877
0.0236982
0.032621
0.0281305
0.0189089
0.0166469
0.0133479
0.0107545
0.011097
0.00970025
0.00639938
0.0218322
0.630323
0.052202
0.0567116
0.0304808
0.0259317
0.0315815
0.0694775
0.055384
0.0228195
0.0219897
0.0107129
0.00642252
0.00470862
0.0178648
0.00683679
0.00800747
0.00729602
0.00776138
0.0048109
0.00661931
0.012046
0.0128031
0.0105777
0.0058545
0.00625644
0.00659794
0.0136888
0.0121842
0.00727701
0.00459383
0.00549487
0.00262206
0.00475508
0.00686966
0.00577812
0.00373565
0.00450384
0.00237601
0.00343471
0.00231761
0.0311164
0.040581
0.0153037
0.0144877
0.011897
0.00940831
0.00704044
0.0107415
0.00627789
0.00617816
0.00423857
0.00497417
0.00398471
0.00923262
0.161894
0.259557
0.666814
0.296661
0.237525
0.0558806
0.063904
0.0356963
0.0321784
0.0146749
0.0117903
0.0121745
0.00971095
0.0829675
0.0745384
0.0305484
0.0475501
0.048348
0.0173125
0.0163563
0.0253923
0.0321686
0.0187991
0.0183181
0.0182672
0.0149766
0.0198939
0.545654
0.189933
0.0619338
0.0312993
0.0255744
0.0479104
0.0328326
0.0811238
0.032478
0.0421489
0.0188349
0.0214121
0.0248859
0.0594928
0.209941
0.498548
0.142276
0.0286394
0.0319279
0.0237208
0.0898064
0.0257974
0.0187025
0.0185022
0.0136313
0.00943619
0.00510736
0.603462
0.42665
0.467257
0.0664141
0.0567876
0.0998161
0.123135
0.190578
0.176533
0.149566
0.0850307
0.130073
0.168531
0.105387
0.0894863
0.0210761
0.0305861
0.0501882
0.0456607
0.0615093
0.0492257
0.0244531
0.0533061
0.027281
0.0129788
0.0257261
0.021705
0.0369792
0.0281072
0.0369843
0.0269248
0.0310438
0.0250713
0.0167074
0.0187736
0.0136121
0.01767
0.0158219
0.0151939
0.023695
0.0237166
0.0625237
0.0362638
0.0188361
0.0346297
0.0265357
0.0148211
0.0172449
0.00927966
0.0179142
0.0117057
0.0109923
0.0121381
0.0178326
0.311497
0.128649
0.261044
0.431549
0.10404
0.0641838
0.0398144
0.0416817
0.0294891
0.0180552
0.021028
0.0173557
0.0142644
0.0264876
0.0290899
0.021821
0.0321017
0.0176698
0.0141743
0.0195683
0.011834
0.0143946
0.0126848
0.00917923
0.0081532
0.00723503
0.00635258
0.0543462
0.0257693
0.0357328
0.0330776
0.0311089
0.0237621
0.0200157
0.0169758
0.0106703
0.0103518
0.0206066
0.00977952
0.0084564
0.0177748
0.0616629
0.0449099
0.0319736
0.0273267
0.0133374
0.0199502
0.0197746
0.0100885
0.0164281
0.0161756
0.0186
0.0141497
0.00901045
0.0904854
0.103462
0.0459317
0.0228917
0.0237705
0.020245
0.0222412
0.0143351
0.0109282
0.00892985
0.00925488
0.00926237
0.00484341
0.0116819
0.0102622
0.00915247
0.00505382
0.00366791
0.00368328
0.00437733
0.0131591
0.00908393
0.00881256
0.00785134
0.00740037
0.00608584
0.00498708
0.0272269
0.0116378
0.00905407
0.00505009
0.00550648
0.00472266
0.00309208
0.0121994
0.0040041
0.00339022
0.00288331
0.00253189
0.00296023
0.00551515
0.0539612
0.0237998
0.016147
0.0110588
0.0109511
0.0123018
0.0104299
0.00913978
0.00570177
0.00477963
0.00548602
0.00451373
0.00278238
0.300502
0.13227
0.147223
0.256407
0.108298
0.044421
0.033618
0.0347712
0.0221998
0.0116752
0.0116277
0.0106034
0.0112071
0.0108829
0.0424547
0.0267448
0.031927
0.0282193
0.0283961
0.0232894
0.0339121
0.0260378
0.0132869
0.0126525
0.0191115
0.0187203
0.0121256
0.062464
0.0691593
0.0503089
0.0423685
0.0416129
0.0344423
0.0339551
0.0400878
0.02748
0.0366858
0.0248021
0.0343815
0.0404064
0.0261337
0.120936
0.0693042
0.0380982
0.0234307
0.0282507
0.0297666
0.0228364
0.0192789
0.0183155
0.0179639
0.0121404
0.0155678
0.0114254
0.0513384
0.273997
0.14165
0.0972487
0.0380463
0.0357121
0.0414228
0.0290383
0.0295111
0.0170869
0.0236364
0.0231163
0.0190446
0.0227264
0.0136444
0.00910522
0.00655434
0.00578787
0.00990456
0.00471037
0.0147693
0.0116577
0.0131068
0.00850294
0.00673956
0.0114124
0.00860039
0.0151056
0.0175994
0.00649114
0.00977461
0.00675133
0.00527335
0.00608237
0.00596142
0.00351927
0.00556619
0.00188759
0.00315015
0.00442994
0.00223192
0.0475181
0.0271031
0.0134453
0.0140837
0.0192827
0.00641709
0.00994587
0.0135365
0.00973949
0.00752472
0.00493474
0.00372201
0.00496486
0.0110869
0.096615
0.266124
0.242188
0.166614
0.0613902
0.0396373
0.0471508
0.0176889
0.0248405
0.0107488
0.0136267
0.00958441
0.00948302
0.0328852
0.0149388
0.0148921
0.00798365
0.0176989
0.0148438
0.00858952
0.0152507
0.0188615
0.0150622
0.0086062
0.00881235
0.00720456
0.0243799
0.0773611
0.0331832
0.0411477
0.0335758
0.0291213
0.0298829
0.0250245
0.013626
0.0149744
0.0148796
0.010734
0.00822842
0.00725345
0.0751281
0.0488661
0.0387126
0.0335698
0.0272549
0.0316392
0.0327098
0.0226444
0.0097383
0.00773209
0.00906774
0.00999755
0.0116629
0.0138359
0.0577425
0.08748
0.0722714
0.0469334
0.0189902
0.0279277
0.0206356
0.0196981
0.00846686
0.0145078
0.00746586
0.00682253
0.00891781
0.0161515
0.0117566
0.00477885
0.0073345
0.00674456
0.00359152
0.00693936
0.0141427
0.0155777
0.0091202
0.0103084
0.00539419
0.00874549
0.0137477
0.016424
0.00654112
0.006251
0.00425986
0.00588451
0.00452329
0.00833452
0.00870276
0.00542617
0.00580751
0.00603288
0.00380913
0.00347849
0.031736
0.0439334
0.021803
0.00768838
0.00705405
0.0073953
0.00718124
0.00799929
0.00797955
0.0064844
0.00387472
0.00357428
0.00152431
0.0125522
0.134402
0.169599
0.49077
0.288724
0.133945
0.0552384
0.0490594
0.0271114
0.0228287
0.0101861
0.0183921
0.00517092
0.00708867
0.0444637
0.0424068
0.0608585
0.0352145
0.0218964
0.0111218
0.0191561
0.0157689
0.0158642
0.0087276
0.0144846
0.0121699
0.00942757
0.00512037
0.0303569
0.0298386
0.0201158
0.0252822
0.0190162
0.0263834
0.0238025
0.0220272
0.0159093
0.0162745
0.0113787
0.0085185
0.00967014
0.0362049
0.278234
0.583458
0.154102
0.0327161
0.0298273
0.0203491
0.0342467
0.0258104
0.0151948
0.0109691
0.0101091
0.0099535
0.00610418
0.0694061
0.15538
0.0553343
0.0237809
0.0419958
0.0204746
0.0306346
0.0196405
0.0196196
0.0236532
0.0138694
0.0236493
0.0199326
0.0280093
0.0129834
0.0114505
0.00765787
0.0114994
0.0116731
0.0120164
0.0130866
0.0203333
0.0110507
0.0117704
0.0107627
0.00875899
0.0100066
0.0450304
0.0157132
0.00815732
0.00889512
0.00949377
0.00418722
0.00721361
0.00673598
0.00553329
0.00414658
0.00342842
0.00384149
0.0044183
0.0111223
0.0570296
0.0193827
0.00953508
0.0173138
0.012433
0.0123469
0.0115876
0.00722714
0.00825327
0.00711167
0.00668364
0.0077427
0.00497725
0.385702
0.139346
0.207275
0.288708
0.131973
0.0652829
0.0369571
0.0440392
0.0321011
0.0189668
0.0169222
0.00920829
0.0139431
0.0154894
0.0243249
0.019269
0.0229143
0.011271
0.0139425
0.0151716
0.0110136
0.0229626
0.00926848
0.00754979
0.00953139
0.00522127
0.00544159
0.0437136
0.0338185
0.0277696
0.0322054
0.0268216
0.017051
0.0226824
0.0130992
0.0102642
0.00688709
0.0098727
0.0087292
0.00603282
0.00937237
0.120058
0.0364539
0.0262452
0.0247452
0.0269149
0.0218085
0.0227316
0.0166117
0.0147876
0.0138977
0.0119149
0.0114841
0.0128284
0.0560585
0.174384
0.0845263
0.0575579
0.0430582
0.0282712
0.0219149
0.0184887
0.0251069
0.0125513
0.0113317
0.0127029
0.00801952
0.0298968
0.010877
0.0131763
0.00457175
0.00482154
0.00355284
0.00334337
0.016668
0.00788078
0.00631979
0.00618705
0.00635461
0.00653883
0.00482767
0.0294963
0.012781
0.00656116
0.00499541
0.00619877
0.00551505
0.00306856
0.0070765
0.00923879
0.010334
0.00541933
0.00418456
0.00201569
0.00185279
0.0358824
0.0169813
0.0140591
0.00895454
0.00951972
0.0095677
0.00441319
0.00534016
0.0065162
0.00547352
0.00370558
0.00320789
0.00324395
0.101261
0.119957
0.229235
0.267472
0.259287
0.058803
0.0506562
0.0441505
0.0207092
0.0249536
0.0188192
0.0143238
0.0147137
0.0197997
0.117203
0.0909409
0.0762021
0.106984
0.0644785
0.0498099
0.0507934
0.030643
0.0365879
0.0280123
0.0277332
0.041778
0.040795
0.110865
0.0822461
0.070914
0.0735003
0.0490162
0.0399804
0.0409024
0.0494496
0.0487997
0.0285257
0.0315693
0.0305774
0.0217324
0.0327532
0.118346
0.0571567
0.0408315
0.0344617
0.0462343
0.0404368
0.0265273
0.0344996
0.0607579
0.0248309
0.0227688
0.0178442
0.0290807
0.0423317
0.216166
0.164261
0.0583792
0.0370434
0.0341376
0.0297505
0.019625
0.0396405
0.0293405
0.0217722
0.0180429
0.0192123
0.0256196
0.0156411
0.00890067
0.00654506
0.00940001
0.00751447
0.0103947
0.00959881
0.0170042
0.0158372
0.015819
0.0106537
0.0073662
0.0115461
0.0107348
0.0154817
0.00823992
0.0101615
0.00915494
0.00840673
0.00660643
0.0163931
0.00503238
0.00834142
0.00526024
0.00796825
0.00499041
0.00471547
0.0515287
0.0322491
0.0185319
0.0187201
0.0140483
0.0152924
0.00867689
0.0210318
0.00713045
0.00636053
0.00721668
0.00647502
0.0034632
0.00987766
0.0991153
0.143671
0.235554
0.194919
0.0536463
0.0354109
0.0477782
0.0155454
0.0197475
0.0128175
0.0107173
0.00917147
0.00825524
0.0286665
0.0266843
0.021495
0.0238351
0.0293699
0.0196302
0.0145921
0.00709382
0.0077396
0.00469162
0.00525869
0.00788816
0.00464029
0.0179195
0.0384372
0.023828
0.0260381
0.0245992
0.0207076
0.0171628
0.0146194
0.0114497
0.0117747
0.013494
0.0137048
0.00647816
0.0038664
0.0445664
0.04428
0.0248362
0.0285309
0.0233375
0.0184317
0.0144198
0.00721806
0.0118365
0.0106718
0.015865
0.00978007
0.00757741
0.0157144
0.0437688
0.0265087
0.0212814
0.0167973
0.0209513
0.0211999
0.0166547
0.0127046
0.0105892
0.0087937
0.00835441
0.00701044
0.0118274
0.00970179
0.00558714
0.00623517
0.00531866
0.00323275
0.00250524
0.00397087
0.00952181
0.00779677
0.00625309
0.00611686
0.00615526
0.00605028
0.00608829
0.00787745
0.00538525
0.00396325
0.00454569
0.00355787
0.00457615
0.00377595
0.0037294
0.00327966
0.00186851
0.00427492
0.00170651
0.00237463
0.0137049
0.0373785
0.00981102
0.00727819
0.00718009
0.00486758
0.00551247
0.0042692
0.00630198
0.00245462
0.00237348
0.00216361
0.00330399
0.00339784
0.151413
0.123254
0.469803
0.210648
0.100893
0.0345477
0.0284739
0.0334675
0.0179108
0.00984074
0.0099835
0.0061583
0.00454472
0.0171551
0.0388584
0.0237609
0.0243605
0.0228574
0.0144257
0.0125479
0.0126114
0.0107991
0.0051177
0.00630735
0.00888286
0.0073045
0.00674323
0.0508501
0.034755
0.0344907
0.034189
0.0331708
0.022881
0.0188439
0.0186854
0.0121714
0.0186457
0.0123204
0.0147881
0.0038519
0.0106954
0.0250304
0.028253
0.0232252
0.0232544
0.0275024
0.0418208
0.0440022
0.0501818
0.0489187
0.0312575
0.0187398
0.0125269
0.0125039
0.0131691
0.028919
0.0324317
0.0611267
0.0534893
0.0667802
0.0284193
0.0138038
0.0243698
0.016997
0.0334781
0.0194625
0.0134569
0.00849942
0.00825606
0.0143801
0.0151283
0.00998064
0.0125284
0.00698784
0.013278
0.0112626
0.0121568
0.00632609
0.00935097
0.0119504
0.00966473
0.0089162
0.0143215
0.0182166
0.00565501
0.00593908
0.00502773
0.00674794
0.0113899
0.0100638
0.00540797
0.00309528
0.00300851
0.00244289
0.00585195
0.0102974
0.0125463
0.0102176
0.00823529
0.0113822
0.00821594
0.0049257
0.0060676
0.00377137
0.00154541
0.00653599
0.00680741
0.00809493
0.0323254
0.0115861
0.00980818
0.0105722
0.0142056
0.01367
0.00640382
0.00677561
0.00677397
0.00960511
0.00795147
0.0137063
0.0121434
0.00671736
0.0213634
0.0344385
0.038409
0.0202333
0.00849861
0.00540039
0.0140516
0.0149559
0.0142761
0.00955605
0.00904886
0.00766895
0.00867956
0.0370534
0.016501
0.0273926
0.0233946
0.019447
0.0229937
0.0212828
0.0170779
0.00955918
0.006974
0.011942
0.0146172
0.0227643
0.0185652
0.0139462
0.00834012
0.00971237
0.01067
0.0104159
0.0100365
0.0111884
0.00591429
0.00599484
0.00783442
0.0120763
0.0143268
0.0119732
0.0191174
0.00711278
0.00459452
0.00411743
0.00481272
0.00803426
0.0107223
0.00606417
0.00608094
0.0058056
0.00454095
0.0027907
0.00375011
0.00315491
0.0111738
0.00883399
0.0119306
0.0061048
0.00373709
0.0053985
0.00655427
0.00777181
0.00991486
0.00539834
0.00473291
0.00724732
0.00983304
0.00756848
0.0135197
0.0152428
0.00435253
0.0048019
0.00397858
0.00554047
0.0103524
0.00736102
0.00637983
0.00361369
0.00282967
0.00211225
0.00370388
0.00835877
0.010264
0.0116288
0.00777597
0.010644
0.00836372
0.00715359
0.00656327
0.00560923
0.00180304
0.00481119
0.00715709
0.00542263
0.0303629
0.0150648
0.00855499
0.0115923
0.00815117
0.0103463
0.0106953
0.00608425
0.00861779
0.00716487
0.0078089
0.0136474
0.00651426
0.00750207
0.0125106
0.0275648
0.0358867
0.0260403
0.0103551
0.00595818
0.0104707
0.0128541
0.0119557
0.0110793
0.00893906
0.00720455
0.0074833
0.0312585
0.020484
0.0256046
0.024589
0.0237212
0.0194448
0.0231693
0.0144323
0.0113267
0.0054828
0.0100652
0.01373
0.0193016
0.0198423
0.0178996
0.00763879
0.0105029
0.00883461
0.0107379
0.0102483
0.00842909
0.0049461
0.00469336
0.00531425
0.0109183
0.0128634
0.0141336
0.0180119
0.0721749
0.0302041
0.0206287
0.0316311
0.0226538
0.0131292
0.0139066
0.0173879
0.0129019
0.00761312
0.00557279
0.0106083
0.0127364
0.0180406
0.0103114
0.00967538
0.0107212
0.00586647
0.00354568
0.00428409
0.00932543
0.007442
0.0061118
0.00710975
0.00679479
0.00763417
0.00513069
0.00518918
0.010612
0.00728614
0.00941223
0.00623191
0.00578128
0.00711278
0.00909495
0.00821346
0.00659765
0.00461739
0.0035491
0.00449883
0.0110908
0.0119923
0.014259
0.0107211
0.00994301
0.00656114
0.00708073
0.0106185
0.00898669
0.00605058
0.00310906
0.00322236
0.00450214
0.0122357
0.0209307
0.00902346
0.0141442
0.00869524
0.0135592
0.0102107
0.0116604
0.00722355
0.00615916
0.00830332
0.00913823
0.00831173
0.0102788
0.0209115
0.0374063
0.0419114
0.0362986
0.023186
0.011701
0.00779798
0.018044
0.0223527
0.0162461
0.00756582
0.00974394
0.0140676
0.0136446
0.0363804
0.020274
0.0262088
0.0398211
0.0225249
0.0171741
0.0132938
0.0201269
0.0152743
0.0177058
0.0168099
0.0138546
0.0098238
0.0189368
0.0213551
0.021436
0.025045
0.0252007
0.0159597
0.0130334
0.0112455
0.0107958
0.00999386
0.0147546
0.0129204
0.0105448
0.00868052
0.0354797
0.0287376
0.0174979
0.0159581
0.0148466
0.0132918
0.00896935
0.00580488
0.00802668
0.00484936
0.00640445
0.00471991
0.00404524
0.0134665
0.00812156
0.0053727
0.0042047
0.00599125
0.00362984
0.00368457
0.00482819
0.00534138
0.00521022
0.00558961
0.00526411
0.00721507
0.00528897
0.00963782
0.00551127
0.00355762
0.0063453
0.00349748
0.00209624
0.00260161
0.00244754
0.00320258
0.00271652
0.00303381
0.00237785
0.00258697
0.00754869
0.00798464
0.0098918
0.00613284
0.0034265
0.00264767
0.00259558
0.00327185
0.00335097
0.00225728
0.00429728
0.00551754
0.00449407
0.00264777
0.028336
0.0238016
0.0256617
0.0222219
0.0207887
0.0306445
0.0268841
0.0165759
0.00901101
0.0103236
0.00637731
0.00692899
0.00412881
0.0206129
0.0220699
0.0135192
0.0145017
0.00801943
0.00918921
0.0127377
0.0160878
0.012741
0.0107936
0.00892371
0.00794038
0.0089764
0.00833218
0.0204959
0.0202142
0.0136289
0.00927216
0.00930689
0.0103787
0.00627063
0.00823542
0.00731792
0.00943599
0.00725183
0.00421962
0.00282587
0.00455753
0.0198154
0.0141037
0.017748
0.0166814
0.00976322
0.00670693
0.0133027
0.0169628
0.00779706
0.0068602
0.00603013
0.00659779
0.00581688
0.0122664
0.00279254
0.00344977
0.00540247
0.00542888
0.00938387
0.00579355
0.00533722
0.0055465
0.00567219
0.00393075
0.00326391
0.00326054
0.00271787
0.00883785
0.0101058
0.0101535
0.00484558
0.00422802
0.00409875
0.00719674
0.00847169
0.00845643
0.00444403
0.00453291
0.00769079
0.0085722
0.0076904
0.0180206
0.0134771
0.00398954
0.00451745
0.00362544
0.00474402
0.00806038
0.00770834
0.00509824
0.0029756
0.00247601
0.00204039
0.00405398
0.00870584
0.00973939
0.00987545
0.00770385
0.00773222
0.00784869
0.0064123
0.00509408
0.00407503
0.00167336
0.00590297
0.00625696
0.00690915
0.0304803
0.00982706
0.00845667
0.0100635
0.00899053
0.0109832
0.00687156
0.00585835
0.00672141
0.00971038
0.00723496
0.0124259
0.00860319
0.00686659
0.0145148
0.028654
0.0344355
0.0244485
0.0101067
0.00559079
0.0146665
0.0144287
0.0128482
0.00912569
0.00846508
0.00752369
0.00786002
0.0349457
0.0165982
0.0218172
0.0209871
0.0205624
0.0193049
0.0214583
0.0155106
0.00900058
0.00547497
0.0104997
0.0146941
0.0202792
0.0199384
0.0134883
0.00901778
0.0101009
0.00899764
0.00876558
0.0084895
0.010244
0.00547461
0.00568359
0.00670666
0.0102436
0.0137081
0.00983663
0.0163221
0.00673763
0.00407722
0.00345109
0.00457834
0.00706484
0.00915032
0.00531743
0.00584924
0.0060085
0.00403314
0.00261564
0.0031995
0.00290326
0.0105325
0.00730447
0.011243
0.00618934
0.00329103
0.00427466
0.00541632
0.00732044
0.0099442
0.00572278
0.00379471
0.00647042
0.0103125
0.00671379
0.011453
0.01322
0.00474067
0.00467124
0.00395692
0.00415129
0.0117588
0.00697277
0.0059811
0.00358726
0.00246446
0.00192949
0.00364064
0.00798572
0.0104019
0.0125132
0.00750742
0.0092107
0.00704847
0.00676725
0.00625385
0.0053271
0.00203657
0.00389183
0.00638966
0.00434937
0.0261544
0.0138841
0.00839547
0.0110764
0.00797343
0.0095102
0.0105464
0.00638067
0.00785254
0.00432046
0.00718105
0.0109181
0.00663341
0.00835679
0.0120335
0.0285439
0.0339567
0.0278122
0.012405
0.00637143
0.00873907
0.0130775
0.0117351
0.0114152
0.00668384
0.00711832
0.00673238
0.028436
0.024399
0.0215951
0.0214768
0.0245898
0.0176213
0.0212992
0.0134705
0.012021
0.00557398
0.0102138
0.0134315
0.0177185
0.0190232
0.0171995
0.00866419
0.0100473
0.00811217
0.00952774
0.00918499
0.0106866
0.00538304
0.0053812
0.00538157
0.00955719
0.0133503
0.0131918
0.0131239
0.0661992
0.0317894
0.0187139
0.028493
0.020704
0.0134764
0.0130717
0.0166785
0.0128892
0.00782668
0.00564625
0.00978094
0.0112541
0.0155082
0.0104126
0.00885577
0.011492
0.00627204
0.00330802
0.00358981
0.0087413
0.00705858
0.00594928
0.00649863
0.00698029
0.00712965
0.00433361
0.00538138
0.0113801
0.0069948
0.00956307
0.00687555
0.0059533
0.00654165
0.00825477
0.00882542
0.006143
0.0047405
0.00389936
0.00444002
0.0113913
0.0112056
0.0116445
0.00930764
0.00900543
0.00697089
0.00806572
0.00934348
0.0068558
0.00547836
0.00288684
0.00321098
0.00446502
0.0128034
0.0232752
0.00857759
0.0127705
0.00720779
0.012969
0.00928673
0.0108045
0.00714027
0.00642396
0.00639715
0.0103891
0.00870316
0.0131726
0.0154784
0.0340126
0.0396604
0.0356192
0.0196643
0.00991833
0.00621924
0.0116627
0.021825
0.0154717
0.00717194
0.00878723
0.0122987
0.00805018
0.0306406
0.0169723
0.0237063
0.0308151
0.0202499
0.0140327
0.0141721
0.0168185
0.0134432
0.0150938
0.0159129
0.0135262
0.00985244
0.0171853
0.0219425
0.0203796
0.0211846
0.0225395
0.0142639
0.0144557
0.0112885
0.0106471
0.00938442
0.0125834
0.0125253
0.0109285
0.00817944
0.0299376
0.026538
0.0153307
0.0126027
0.011747
0.0102784
0.00821472
0.00424803
0.00661341
0.00336305
0.00567354
0.00405765
0.00407306
0.00932858
0.00187921
7.08318e-005
0.000399451
9.29678e-005
0.000216264
0.000307234
0.000547595
0.00040525
0.00040752
0.000429259
0.00063441
0.000601313
0.000413292
0.000326883
0.000215901
9.81867e-005
0.000117134
8.18394e-005
0.000120198
0.000177149
0.00164548
5.88805e-005
0.000273851
0.000439971
0.000633766
0.000534199
0.000657348
0.000758433
0.000299299
8.57193e-005
6.70253e-005
3.51301e-005
5.07265e-005
9.28338e-005
0.000173105
0.000183472
0.000234152
0.000305846
0.00035093
0.00037248
0.100591
-0.00551911
-0.000160057
0.000183947
0.000116114
8.70003e-005
0.000207003
7.81217e-005
5.64919e-005
4.46778e-005
2.70815e-005
8.66216e-006
4.28505e-006
1.55294e-005
9.02693e-006
2.38266e-006
7.0902e-006
5.51699e-006
3.01729e-006
5.22843e-006
2.35528e-006
2.82771e-006
3.48489e-006
2.10739e-006
1.7938e-006
1.86964e-006
1.72802e-006
3.24834e-006
1.65702e-006
1.45975e-006
2.19398e-006
1.7862e-006
1.34548e-006
1.33241e-006
1.53182e-006
1.51582e-006
1.38539e-006
1.3585e-006
1.30657e-006
1.4076e-006
1.4623e-006
1.42221e-006
1.27785e-006
1.4523e-006
1.30887e-006
1.31044e-006
1.41081e-006
1.42275e-006
8.84377e-007
7.65763e-007
1.40215e-006
9.37788e-007
1.16176e-006
1.07039e-006
0.041517
0.380148
0.0178912
0.0225958
0.0207789
0.0302207
0.0446925
0.135263
0.117112
0.0463259
0.0418548
0.054585
0.0382381
0.0516717
0.0556184
0.0289649
0.044719
0.0290279
0.0213881
0.0215559
0.0289494
0.0214643
0.0293576
0.0216602
0.0305871
0.0259768
0.0256273
0.0397922
0.0379707
0.0227957
0.0129941
0.0247409
0.0268762
0.0201825
0.0187415
0.0158151
0.0308497
0.0210313
0.0265193
0.0142931
0.017952
0.0744698
0.0465334
0.039537
0.0400126
0.0320133
0.0320072
0.0190509
0.0344651
0.0405225
0.0285298
0.0305377
0.0263735
0.0393713
0.345034
0.217517
0.325529
0.458113
0.335209
0.110186
0.0802741
0.0764597
0.0494788
0.0402041
0.0411538
0.0238319
0.040233
0.031031
0.0258081
0.0299191
0.0485244
0.046303
0.0280099
0.0202194
0.0309148
0.025004
0.0212611
0.0230885
0.033755
0.0307479
0.0219771
0.0521687
0.0467394
0.0509796
0.0668955
0.0471803
0.0488387
0.0285911
0.020831
0.0285218
0.017393
0.0323114
0.0142866
0.0150774
0.0227134
0.103155
0.0553248
0.0284629
0.0322767
0.030056
0.0270823
0.0337082
0.0279409
0.0247951
0.0229608
0.0268034
0.0245997
0.0273936
0.0467216
0.421921
0.0400727
0.0443074
0.0167279
0.0334366
0.0350777
0.044482
0.0678207
0.0345846
0.0387032
0.0268785
0.0221991
0.0212996
0.023705
0.0281033
0.0202461
0.0249942
0.00886444
0.00884016
0.0134816
0.0261039
0.0261775
0.0192849
0.0163605
0.0131431
0.0213657
0.0164754
0.0289099
0.0238696
0.0206789
0.0142528
0.0134332
0.0206177
0.0229413
0.0169065
0.0166736
0.0125913
0.0111213
0.00909062
0.0102952
0.0480717
0.0338122
0.0283884
0.0202077
0.0344928
0.0246978
0.0219501
0.0177935
0.0145134
0.015991
0.0169115
0.0160219
0.0215842
0.0557246
0.28269
0.246379
0.421852
0.336084
0.112396
0.0929938
0.0708147
0.0388148
0.0422005
0.0340588
0.0303564
0.0406102
0.0224106
0.074333
0.0697726
0.0808983
0.0626256
0.0357006
0.0267612
0.0323285
0.0177962
0.0266362
0.0217325
0.0272941
0.0178857
0.0110333
0.0423029
0.0649917
0.0385388
0.0301083
0.0169918
0.0188376
0.0206004
0.0254432
0.018829
0.0276652
0.0243741
0.0203499
0.0207441
0.015821
0.0822492
0.0975386
0.0520227
0.0436084
0.0567719
0.0422033
0.0326221
0.029798
0.0287447
0.0193241
0.0520193
0.0258694
0.0308929
0.0322817
0.524291
0.0411855
0.0413663
0.0191056
0.0208963
0.0307845
0.0461
0.150537
0.0593125
0.0712289
0.0415864
0.0591808
0.0366055
0.0233738
0.0189428
0.0390385
0.0330336
0.0170552
0.0277119
0.0262511
0.0196693
0.0297713
0.0262906
0.0143641
0.0205308
0.0301662
0.0294247
0.0292667
0.0192904
0.0206981
0.0181847
0.0157263
0.0183723
0.026879
0.0243751
0.0195916
0.0076171
0.0224967
0.0112394
0.018373
0.0298759
0.0595678
0.03379
0.0261229
0.0419331
0.0284875
0.0272321
0.0228502
0.0217844
0.0263398
0.0167898
0.0112982
0.0146053
0.0281542
0.351127
0.114119
0.395707
0.300285
0.171247
0.0984088
0.0907641
0.0723587
0.0480316
0.0258666
0.0424204
0.0500619
0.0248606
0.0364923
0.0134323
0.0204653
0.0317892
0.0180817
0.0193801
0.0284938
0.0217026
0.0249522
0.0118228
0.0219486
0.0269313
0.0234636
0.0189553
0.0579172
0.0412442
0.0513436
0.0430154
0.0391392
0.0201351
0.0251876
0.0351712
0.0154627
0.0164224
0.0167322
0.012909
0.0126783
0.0438074
0.0860564
0.0459866
0.0272838
0.0271274
0.027424
0.0255458
0.0189969
0.0124537
0.0142263
0.0133284
0.0156173
0.013787
0.0158924
0.229188
0.12822
0.0494356
0.0187206
0.0208589
0.0411911
0.0422261
0.0646263
0.0339954
0.0197845
0.0111539
0.0117344
0.0124842
0.0154903
0.0164187
0.0178419
0.0177314
0.00530945
0.0088101
0.0118918
0.0213583
0.0197141
0.02928
0.0359628
0.0164834
0.0157839
0.0143186
0.029073
0.0200229
0.0146453
0.0129099
0.0201983
0.0141332
0.0119976
0.0124859
0.0177674
0.0167444
0.0137227
0.018058
0.018319
0.0193038
0.0634126
0.0242933
0.016784
0.0184352
0.0129134
0.0120145
0.0109717
0.0117916
0.0100454
0.0101321
0.0159574
0.00782703
0.0101496
0.260773
0.224494
0.698376
0.505877
0.374842
0.1123
0.0770422
0.0706296
0.0577456
0.0281298
0.0534442
0.0178259
0.0211987
0.0200078
0.0726475
0.0244226
0.0358696
0.0228354
0.041537
0.0228919
0.0186798
0.0218131
0.0131642
0.0198623
0.011894
0.0120515
0.00822162
0.0430995
0.369123
0.061063
0.066079
0.0895747
0.0723561
0.0583774
0.0599855
0.0826918
0.0205279
0.00893399
0.0163553
0.00634706
0.0125154
0.0767673
0.483991
0.19981
0.0343216
0.0278025
0.0255334
0.0332414
0.0311501
0.0190567
0.0226113
0.0202307
0.0249532
0.0189901
0.0383895
0.348327
0.0286802
0.0195217
0.0186705
0.0431268
0.0360788
0.0519094
0.0925283
0.0450768
0.0514887
0.0411209
0.0354374
0.0318755
0.0276161
0.028106
0.0336166
0.0289897
0.00931251
0.0162974
0.028204
0.0145323
0.0464007
0.0169169
0.0165066
0.0289312
0.0277893
0.0294907
0.0381513
0.0255568
0.0124747
0.0110553
0.010282
0.0125683
0.0256999
0.0203969
0.0511979
0.0238777
0.0163651
0.0114608
0.0123893
0.0649472
0.0427442
0.0357443
0.0366699
0.0432839
0.0523962
0.0255378
0.0245567
0.0203822
0.0315815
0.0266344
0.0171198
0.0409124
0.202652
0.243452
0.348012
0.412331
0.206706
0.101764
0.0902321
0.0645774
0.0590952
0.0312431
0.0398961
0.0220807
0.0198343
0.0412369
0.0297886
0.0339029
0.0634982
0.0530871
0.0258752
0.0230435
0.0310188
0.0307182
0.0244046
0.0164421
0.0251776
0.019327
0.0114552
0.039991
0.0574843
0.0281173
0.0317874
0.0325257
0.0360041
0.0254298
0.01955
0.0323002
0.0179883
0.023666
0.0189711
0.0115679
0.0108812
0.0473354
0.0661398
0.0369166
0.0377618
0.0456157
0.0363154
0.0329274
0.0183362
0.0261591
0.018171
0.0114784
0.0254956
0.0152996
0.0361845
0.390112
0.0581537
0.0490165
0.0226687
0.0251451
0.0441928
0.0260991
0.0676199
0.0534619
0.0316934
0.0226872
0.0194633
0.013295
0.00878089
0.0138703
0.0237234
0.022642
0.00618675
0.00686747
0.0117364
0.01274
0.0262658
0.0112519
0.00624344
0.00798807
0.0203639
0.0187513
0.0235126
0.0185827
0.00702038
0.0109379
0.00818266
0.0101078
0.0300425
0.0143799
0.0104739
0.00780654
0.0106909
0.0060732
0.00848618
0.0354025
0.0490306
0.0348658
0.0160667
0.0206663
0.0230569
0.0191305
0.0146042
0.0119389
0.0174854
0.0105947
0.0160991
0.0124874
0.0342695
0.354921
0.178848
0.420537
0.320445
0.120381
0.0921644
0.0546477
0.0266339
0.0312985
0.0266261
0.0202722
0.0376329
0.0246686
0.064569
0.0733404
0.0625223
0.0827989
0.0366465
0.031091
0.0322798
0.0259969
0.0219248
0.0173851
0.0267085
0.01853
0.0209804
0.0265123
0.0769758
0.0409634
0.0559577
0.0382426
0.0387832
0.0256971
0.0392134
0.0411655
0.0338839
0.0343132
0.0360773
0.0310264
0.0294213
0.0867149
0.141933
0.0854974
0.052852
0.0564062
0.047224
0.042174
0.033084
0.0270232
0.0298443
0.0295765
0.0333787
0.0380737
0.0280564
0.481036
0.147201
0.0513886
0.0321084
0.0188855
0.068058
0.0382017
0.141326
0.0954828
0.0324856
0.0328875
0.0357538
0.0127504
0.0257299
0.0194785
0.0194741
0.0319107
0.0111127
0.0128291
0.0126111
0.0151093
0.0310464
0.0241114
0.0165632
0.0206424
0.0263298
0.0219457
0.0376499
0.03211
0.0192951
0.0141855
0.0127838
0.00907216
0.00904593
0.0180003
0.0231259
0.0135698
0.0114162
0.00766361
0.00886242
0.0212832
0.0486652
0.0346176
0.0253106
0.0329398
0.0158277
0.022092
0.0255302
0.0138265
0.0154396
0.0128878
0.0168384
0.0180658
0.0296046
0.314042
0.138647
0.336452
0.333253
0.159188
0.0743259
0.0576849
0.0370345
0.0352511
0.0137438
0.0317907
0.0140722
0.0199119
0.028626
0.0301711
0.0160151
0.0159547
0.00944027
0.0122976
0.0259179
0.016172
0.0208318
0.011466
0.020992
0.017478
0.0220751
0.0117552
0.0447118
0.0703127
0.046571
0.0591956
0.0347414
0.0236468
0.0160523
0.0204422
0.0190568
0.0157108
0.0208488
0.0122973
0.00786518
0.0275404
0.124536
0.0588625
0.0300145
0.0316504
0.0275119
0.0215203
0.0294164
0.0159692
0.0163861
0.0135709
0.00988414
0.0152047
0.0126377
0.0806907
0.205277
0.0367115
0.0150382
0.0168355
0.033691
0.0363111
0.0642597
0.03178
0.0332527
0.0149602
0.0249885
0.00765498
0.0154806
0.0134479
0.00652898
0.0101635
0.00754361
0.00510909
0.0071168
0.00972952
0.0247815
0.0147524
0.013253
0.0105932
0.0122007
0.00950842
0.0195931
0.0150567
0.00884493
0.00954853
0.0125129
0.0132197
0.014203
0.0141646
0.011673
0.0124464
0.0107826
0.0121036
0.0118356
0.0136465
0.0581245
0.0328246
0.0142911
0.0146875
0.016642
0.0135163
0.0130497
0.00887682
0.0097452
0.00951528
0.0219506
0.00977738
0.00919103
0.152278
0.236421
0.513976
0.413269
0.278694
0.178193
0.051305
0.0474548
0.0324093
0.0206932
0.0457167
0.0156403
0.0231609
0.015946
0.0644485
0.0194487
0.0382556
0.0302515
0.0282435
0.0254049
0.0242823
0.0360405
0.0242493
0.019915
0.0199892
0.0290683
0.0180192
0.0568536
0.406623
0.125859
0.032756
0.0240914
0.0330257
0.0244412
0.0537174
0.0368693
0.00749068
0.0229762
0.0330395
0.0338866
0.024912
0.131368
0.277862
0.210295
0.045942
0.0496527
0.0380225
0.0361068
0.0389366
0.0151481
0.0131289
0.0114027
0.0104027
0.0137002
0.0410317
0.497603
0.00828671
0.0287287
0.0157835
0.0247029
0.0420856
0.0512715
0.134991
0.0315828
0.0379516
0.0220233
0.0226395
0.0293173
0.014944
0.0131638
0.016073
0.0214626
0.0128022
0.0111487
0.00957074
0.0200435
0.0191227
0.0131123
0.0097476
0.0160731
0.0203828
0.018497
0.0243628
0.021034
0.0157178
0.0168036
0.0169231
0.0230419
0.0394696
0.0225437
0.0279304
0.0141412
0.0099946
0.0139393
0.016883
0.0582543
0.0493194
0.0340508
0.0337605
0.0294136
0.0259302
0.0245774
0.0205572
0.0189019
0.0155438
0.0243745
0.0186876
0.0219719
0.0501673
0.214534
0.389394
0.545108
0.202453
0.113629
0.0958196
0.0592073
0.0307789
0.0367368
0.0284436
0.0272098
0.0334965
0.0277009
0.0171069
0.0128484
0.00649765
0.00717613
0.00644118
0.0147962
0.0161985
0.0133972
0.0279704
0.0245212
0.0186294
0.016413
0.0159422
0.0262744
0.0533836
0.0331549
0.0503293
0.0389478
0.0240771
0.0241573
0.0171828
0.020058
0.0111199
0.00772866
0.00823381
0.00687229
0.0116022
0.123133
0.061041
0.0307094
0.0510146
0.0214134
0.0124569
0.0170761
0.0242603
0.023351
0.0251682
0.0207811
0.0175129
0.0199391
0.0509793
0.463821
0.0448155
0.0310628
0.0269947
0.0261081
0.0334813
0.0163946
0.0558212
0.03384
0.0182371
0.0166551
0.0170232
0.0192328
0.0139978
0.00982309
0.02288
0.0357816
0.010694
0.0154515
0.0169265
0.0215314
0.0299518
0.0143345
0.00976783
0.00904567
0.0158347
0.0145448
0.036851
0.01941
0.0113532
0.0153787
0.00760287
0.00807572
0.0197002
0.0129531
0.0157314
0.00742907
0.00698469
0.00492829
0.0170835
0.0295352
0.0373526
0.0374129
0.0180933
0.0257028
0.0212494
0.0163577
0.0154964
0.0138159
0.0267515
0.0159665
0.0131628
0.0145446
0.0302755
0.364254
0.169327
0.553888
0.295589
0.104213
0.0998766
0.0985421
0.0460746
0.0454765
0.0249343
0.0373676
0.0303356
0.0392342
0.0876166
0.0800407
0.0700599
0.075154
0.039337
0.0384078
0.0410389
0.0363936
0.0184126
0.0214111
0.0257967
0.0212018
0.0151114
0.0357721
0.10154
0.0656631
0.0660845
0.0374186
0.02699
0.0296967
0.0414469
0.0556014
0.0338264
0.0392053
0.0397467
0.017316
0.0282027
0.0727968
0.0965962
0.0674493
0.0507788
0.0511559
0.0596165
0.0501498
0.0564246
0.0283586
0.0252292
0.0287956
0.0281552
0.0309745
0.0223694
0.431868
0.110447
0.0343476
0.0198401
0.014013
0.0400297
0.0198552
0.0963822
0.104707
0.0334649
0.0353508
0.022456
0.0173633
0.0141384
0.0142287
0.0170987
0.0288575
0.0100969
0.0112247
0.00869378
0.0117997
0.0168751
0.0166315
0.0143763
0.0100894
0.0177006
0.0193333
0.0261217
0.0200502
0.0110568
0.00940011
0.00881365
0.011547
0.0168578
0.0210674
0.0217043
0.0143045
0.0100606
0.00574181
0.0149925
0.0283263
0.0377395
0.01793
0.0196645
0.0320119
0.0202057
0.0221341
0.0197963
0.00977267
0.0230543
0.00729033
0.0122251
0.0107026
0.017936
0.36313
0.168244
0.483068
0.470859
0.146169
0.0541254
0.0605587
0.0480852
0.0351254
0.0138742
0.0262678
0.0184716
0.0205973
0.0220851
0.0200751
0.00925444
0.0174549
0.00435359
0.0119849
0.0205841
0.0117313
0.0221445
0.0115969
0.0123395
0.0145147
0.0163218
0.0111118
0.056676
0.0416401
0.0352223
0.0436211
0.0417151
0.0278489
0.0150467
0.020579
0.0133423
0.00648914
0.0130077
0.00578298
0.00895205
0.0200952
0.0737787
0.06843
0.0320835
0.0382229
0.0312642
0.0321002
0.0239583
0.0217718
0.0227378
0.0236742
0.0206287
0.016107
0.0159158
0.0617247
0.138995
0.0406316
0.0169128
0.0261572
0.0245534
0.0290893
0.0399328
0.025112
0.0206444
0.00921239
0.0176403
0.00780936
0.0130753
0.00906159
0.00909036
0.0111365
0.0122032
0.00650817
0.00766841
0.00976108
0.0170264
0.0117548
0.0107864
0.0124788
0.0159387
0.0104246
0.0220976
0.0173385
0.00693908
0.00878957
0.00747958
0.0121606
0.00928484
0.0161092
0.00873481
0.00783507
0.0067002
0.00569792
0.0100679
0.0144525
0.0574277
0.0323958
0.0141672
0.0158133
0.00864346
0.0131124
0.00879237
0.0112345
0.00944845
0.00913559
0.00827057
0.00957813
0.0104731
0.187409
0.211708
0.561371
0.609812
0.247463
0.10029
0.0518576
0.0529593
0.0346022
0.0223033
0.0447678
0.0157166
0.0123125
0.0139263
0.0671328
0.0260975
0.026707
0.0125148
0.0235656
0.0212012
0.0162148
0.0192684
0.0226098
0.0187327
0.0139444
0.0122657
0.0113822
0.054725
0.469047
0.0521386
0.0374101
0.0448621
0.0394326
0.0412567
0.0661696
0.0784846
0.0236174
0.0150206
0.0184066
0.0104119
0.008457
0.0497332
0.257469
0.463337
0.0286107
0.0325964
0.0262232
0.0201925
0.0255539
0.0130646
0.0152947
0.00873549
0.00900642
0.00942131
0.0349071
0.55037
0.0346526
0.0292505
0.0112377
0.0270619
0.0301174
0.0336119
0.065481
0.0276697
0.0236348
0.0324286
0.0189454
0.0273806
0.0343825
0.0263624
0.0411184
0.0447984
0.0213661
0.0157787
0.0223864
0.0169699
0.0346542
0.0177497
0.0141109
0.00899053
0.0278496
0.0198333
0.0247362
0.0232276
0.0144752
0.0130593
0.010677
0.0168706
0.0292
0.0308588
0.0304125
0.0183058
0.0172947
0.0092488
0.0101508
0.0591002
0.0334421
0.0336099
0.0399001
0.034689
0.0280511
0.0200513
0.0286357
0.0222122
0.0151393
0.026932
0.0137653
0.0209585
0.0878343
0.231118
0.166335
0.315257
0.219642
0.111836
0.118661
0.076686
0.0347979
0.0429537
0.0194409
0.0388364
0.0289027
0.0152894
0.0224443
0.0246702
0.0157651
0.0131519
0.00930619
0.0171095
0.0271274
0.0126439
0.0316488
0.0190734
0.0186633
0.0216325
0.0146558
0.0170015
0.0544371
0.0421017
0.0498819
0.0394295
0.0290084
0.0292841
0.0232527
0.0175605
0.00907166
0.014043
0.00695586
0.00535015
0.00623784
0.112276
0.0646909
0.0370411
0.0386747
0.0312001
0.0322726
0.0312144
0.0276889
0.0235022
0.0167588
0.0210562
0.0202145
0.0316377
0.0342342
0.563786
0.0636476
0.0487959
0.0165836
0.016331
0.0355446
0.0298144
0.0724059
0.0391864
0.0142364
0.0188564
0.0171553
0.0139057
0.0122731
0.00933915
0.0202742
0.023489
0.00441471
0.0061348
0.00973275
0.0135272
0.0177626
0.0133956
0.00967523
0.00706763
0.0191399
0.0164489
0.0293664
0.0144041
0.00709893
0.00899706
0.00533616
0.00374815
0.0246303
0.0158324
0.0216512
0.00705828
0.00837245
0.00505088
0.0112623
0.0221503
0.0519648
0.0307636
0.0177937
0.0279774
0.0187495
0.0144119
0.0132615
0.0096614
0.0198456
0.0112194
0.00864155
0.0100068
0.0208784
0.426415
0.121996
0.383732
0.267774
0.103351
0.0844591
0.0597955
0.0255267
0.0446999
0.0194576
0.0253082
0.0207689
0.0242668
0.061958
0.0404842
0.0529247
0.0501851
0.0262744
0.0247736
0.0210545
0.028957
0.0209946
0.0154198
0.0170833
0.0178955
0.0129249
0.00818322
0.094692
0.0282674
0.0445595
0.0398442
0.0298327
0.0203114
0.0156578
0.0252062
0.0251592
0.0299803
0.025353
0.0170691
0.0155432
0.0343591
0.110736
0.0551545
0.0273457
0.0383904
0.0372743
0.0348501
0.0239281
0.0234991
0.0235023
0.0326909
0.0268483
0.0259548
0.0227225
0.362573
0.152938
0.0396278
0.0129712
0.0106078
0.0450911
0.0302388
0.0952432
0.0839029
0.0238059
0.0302187
0.0246533
0.00967327
0.0147225
0.0124293
0.0218671
0.0285329
0.0128525
0.016352
0.00907048
0.0182689
0.0135296
0.019099
0.0143273
0.0069285
0.0143479
0.0129729
0.0255823
0.0231957
0.00928966
0.00586896
0.0103763
0.00793289
0.010085
0.0209328
0.014981
0.0108764
0.00967769
0.00943891
0.0114294
0.00951262
0.0486203
0.0230136
0.0292863
0.0302446
0.015134
0.0231533
0.0227684
0.0102739
0.0207305
0.0103137
0.0154591
0.013886
0.0239555
0.553383
0.114401
0.276973
0.480948
0.156299
0.067009
0.0726394
0.0588086
0.0536071
0.020572
0.0352083
0.0281547
0.0223266
0.0218863
0.0220119
0.0102449
0.0228997
0.00948722
0.0136158
0.0303193
0.018717
0.0182039
0.0135014
0.0110998
0.0147574
0.0137036
0.0139215
0.0498631
0.0264337
0.0361504
0.0323662
0.0454756
0.0200675
0.0217079
0.0119764
0.0126971
0.00832975
0.0172677
0.00703372
0.00434755
0.0137259
0.0870654
0.0536258
0.0347491
0.0299315
0.0366355
0.0519014
0.0316113
0.0139039
0.0180691
0.0143692
0.0160527
0.0170714
0.0129157
0.0551794
0.23431
0.0255861
0.0148716
0.0219821
0.0362479
0.025611
0.0464651
0.0334976
0.020286
0.0138743
0.0160261
0.00817044
0.0121542
0.0107799
0.0119391
0.0110569
0.00460653
0.00556219
0.00702943
0.00837488
0.0191685
0.0137089
0.00868129
0.0109628
0.0211227
0.00700808
0.0150136
0.0128796
0.0131299
0.013322
0.0125553
0.00838121
0.0104458
0.0170992
0.0104686
0.0111898
0.00778519
0.0124268
0.0124341
0.0133212
0.040194
0.0342306
0.0163354
0.0115701
0.00844183
0.013824
0.00908506
0.00871092
0.0108569
0.00993654
0.0119355
0.0116443
0.010138
0.0691505
0.155471
0.470881
0.509057
0.277084
0.138809
0.0950622
0.122886
0.0355485
0.0109483
0.0218807
0.0176611
0.0153451
0.00838253
0.0352755
0.0320384
0.0288694
0.0206839
0.0152977
0.0128801
0.0150769
0.0184117
0.0142519
0.011273
0.00910831
0.00965678
0.00509296
0.0172555
0.0254284
0.0196128
0.0150748
0.0176403
0.013853
0.00799202
0.00636416
0.00482176
0.00643651
0.00617121
0.00765899
0.00540973
0.00378938
0.0315708
0.032671
0.0253745
0.0205256
0.0160941
0.0118457
0.01631
0.0206507
0.0186119
0.0137724
0.0108124
0.00921682
0.0101614
0.00869594
0.404384
0.0622249
0.026943
0.0198039
0.0193297
0.0262305
0.0390307
0.0452369
0.025199
0.00999031
0.00898101
0.00789963
0.00558381
0.00512665
0.00448692
0.00623838
0.00620829
0.00713056
0.00324396
0.00513359
0.0149531
0.00913042
0.00800065
0.00603938
0.00466276
0.00406029
0.00367984
0.00886418
0.00652061
0.00596709
0.00487493
0.00454709
0.00691572
0.00802779
0.00768361
0.00326475
0.00261946
0.00470306
0.00580149
0.00517886
0.0318347
0.0419542
0.0209228
0.0129767
0.0102248
0.00928995
0.0098705
0.0066793
0.00946887
0.00906425
0.00843068
0.00624409
0.00315558
0.00791926
0.15583
0.204914
0.306918
0.260461
0.0609425
0.0607996
0.0350524
0.019123
0.022164
0.0125658
0.0120021
0.0106013
0.00645382
0.0149454
0.0134223
0.00981213
0.0130684
0.00862722
0.00699661
0.00521929
0.00561446
0.00627502
0.00696842
0.00514074
0.00582071
0.00493554
0.00578377
0.0182078
0.0179838
0.0162117
0.0101616
0.00864435
0.0103662
0.0106883
0.00631384
0.00577965
0.00502464
0.00451593
0.00467856
0.00170695
0.0560716
0.0436545
0.0262291
0.0212292
0.0163594
0.0178874
0.0164248
0.0175407
0.015351
0.0111929
0.0114309
0.0107941
0.0102578
0.0103649
0.94506
0.139961
0.0214511
0.0184975
0.0158671
0.0352739
0.0325613
0.0344592
0.0267952
0.0116016
0.00831137
0.00520798
0.00393981
0.00498045
0.00444776
0.00432103
0.00289747
0.00147794
0.00260815
0.00241824
0.00702952
0.00667346
0.00345262
0.00576794
0.00245087
0.0026073
0.00194617
0.0124628
0.00594296
0.00457163
0.00397159
0.00433848
0.00150777
0.00151124
0.00399412
0.00171029
0.00171703
0.0020377
0.00132209
0.00349873
0.0121957
0.0427684
0.0169371
0.00884577
0.00716401
0.00847331
0.00614369
0.00707035
0.0052335
0.00592528
0.00400105
0.00257897
0.00296633
0.00185593
0.195862
0.0642558
0.185733
0.174594
0.0793435
0.0282199
0.0285302
0.0143814
0.020559
0.0092899
0.0114956
0.0072421
0.00716075
0.0375145
0.0211888
0.0205665
0.0250873
0.0200444
0.0140685
0.0122935
0.0130757
0.011692
0.00931191
0.0050901
0.00360271
0.00325857
0.00137076
0.0339859
0.017614
0.0142574
0.017003
0.0116937
0.0116081
0.0123623
0.0151832
0.0136467
0.0114537
0.00903383
0.0110862
0.00500884
0.0387386
0.0879939
0.0488687
0.0419163
0.0301689
0.0238818
0.0280538
0.0346078
0.0203596
0.0147563
0.013708
0.0099165
0.00996446
0.00612349
0.0967271
0.26871
0.01675
0.0157565
0.0115987
0.0411131
0.0151461
0.0572351
0.0281922
0.0298307
0.00628841
0.012096
0.00570925
0.0115631
0.0110276
0.0061999
0.0037018
0.00374516
0.00274108
0.00222864
0.00574908
0.0071188
0.00449126
0.00652824
0.00394864
0.00353818
0.00494947
0.0181979
0.00774026
0.00511731
0.00259281
0.00332655
0.00232253
0.00386269
0.00519946
0.00373945
0.00264182
0.00252641
0.00418352
0.0040637
0.00395049
0.0432169
0.0141183
0.0140224
0.00918303
0.0097283
0.0051013
0.0049359
0.00493109
0.00661887
0.00364263
0.00316611
0.00346892
0.00276026
0.0804073
0.0907676
0.241353
0.267753
0.158883
0.0221112
0.0349577
0.0287982
0.0121463
0.0101734
0.0121646
0.00590687
0.00718339
0.00650767
0.0152209
0.00640286
0.00920495
0.00988677
0.00691918
0.00435379
0.00635431
0.00391273
0.00458808
0.00384033
0.00268972
0.00232745
0.00199614
0.0185432
0.0183653
0.0211534
0.0159731
0.0136704
0.00971753
0.00934129
0.00686707
0.00532522
0.0048323
0.00387688
0.00362041
0.0022346
0.00760364
0.0987712
0.0399901
0.018032
0.0122442
0.0197905
0.0169482
0.0125399
0.0131625
0.00868233
0.00836551
0.00761972
0.00522959
0.00368195
0.0330146
0.608897
0.0672633
0.0161399
0.0180906
0.0262453
0.025756
0.0230162
0.0331592
0.0170291
0.00543131
0.00645723
0.00618365
0.00502899
0.00687838
0.00339437
0.00348905
0.00401695
0.00270481
0.00223111
0.00675339
0.00730686
0.00670883
0.00406312
0.00343822
0.00451971
0.00362648
0.0034821
0.00538772
0.00346692
0.00245356
0.00234328
0.00403628
0.0046819
0.00287967
0.00320276
0.00274235
0.00334335
0.00253025
0.00319559
0.00205021
0.0456881
0.0283628
0.0111327
0.00701128
0.0105901
0.00684311
0.00626081
0.00543266
0.00311014
0.00323894
0.00304293
0.00435297
0.00363385
0.054413
0.101146
0.329686
0.26929
0.260625
0.127985
0.0388166
0.0237799
0.0186684
0.0122134
0.0101836
0.00798917
0.00643965
0.0066302
0.0265754
0.02559
0.0165435
0.0100162
0.0104168
0.00793408
0.012895
0.00873615
0.00737848
0.00763145
0.00559478
0.00448795
0.00571579
0.0159129
0.542045
0.0458291
0.0101299
0.0159028
0.0116359
0.0201083
0.0285482
0.0425248
0.0199537
0.0130858
0.0127925
0.00674308
0.00370371
0.010023
0.303045
0.285511
0.0313355
0.0231031
0.0228407
0.0163017
0.0180042
0.0188589
0.0194922
0.0125124
0.00702108
0.00765277
0.00797401
0.614519
0.0619199
0.024656
0.014667
0.0143038
0.0291655
0.0252486
0.0276383
0.022788
0.0190571
0.0180802
0.00855779
0.00906674
0.00758555
0.0100538
0.00803122
0.00542124
0.00655211
0.00364652
0.00553172
0.0106112
0.00832135
0.00884272
0.00562856
0.00457969
0.00659775
0.00929773
0.0161203
0.0077114
0.0103784
0.00550539
0.00669364
0.00613947
0.00599685
0.00725577
0.00720609
0.00418247
0.00481722
0.00579306
0.00459004
0.0252564
0.0315184
0.023351
0.0152766
0.0141146
0.00989736
0.010299
0.0112573
0.00740581
0.00917607
0.00605022
0.0049144
0.00405665
0.00869149
0.201178
0.0640475
0.205711
0.134092
0.0674702
0.040826
0.0303944
0.0239819
0.014745
0.00839971
0.0126891
0.00951544
0.0081036
0.0121534
0.00760897
0.0158392
0.00702715
0.0107978
0.00527337
0.00437388
0.00844966
0.00583937
0.00577761
0.00719585
0.00461126
0.00385013
0.00862179
0.0276817
0.0157118
0.0174799
0.0122732
0.0153832
0.0126257
0.0113478
0.00821574
0.00435292
0.00629849
0.00537161
0.00521217
0.00434796
0.0334824
0.0656774
0.0352947
0.0191604
0.0283029
0.0144207
0.0143135
0.0108713
0.00897763
0.00589894
0.00795653
0.00658265
0.00584193
0.00841397
0.622717
0.15378
0.0441784
0.021898
0.0138382
0.0285625
0.0173286
0.031376
0.0179277
0.00551162
0.00680392
0.0034684
0.00312977
0.00329595
0.00334132
0.00392477
0.00302352
0.00301075
0.00207415
0.00193794
0.00414899
0.00287412
0.00435405
0.00273423
0.00217551
0.00207527
0.00122565
0.0158253
0.00429301
0.00303759
0.00378045
0.00194532
0.00164166
0.00268566
0.00362683
0.00209894
0.00190014
0.00176027
0.00250192
0.00153199
0.00561391
0.0463996
0.0190079
0.00806974
0.00784878
0.00696931
0.00710541
0.00852584
0.00438838
0.00548103
0.00398993
0.00259305
0.00206082
0.0014587
0.161547
0.0620779
0.209006
0.181712
0.0950049
0.0410751
0.0509943
0.0208115
0.021222
0.00867407
0.010014
0.00905222
0.00687001
0.0335908
0.0170369
0.0123818
0.0265549
0.0225885
0.0188155
0.0146836
0.00638897
0.00529178
0.00620378
0.00521706
0.00589088
0.00278438
0.00123245
0.0601292
0.0233676
0.0171792
0.020903
0.00779305
0.0105323
0.00976658
0.00563443
0.0117948
0.006289
0.00450508
0.00698035
0.00640931
0.0129754
0.0817753
0.0301894
0.0228958
0.022075
0.0199463
0.0140315
0.00999867
0.0124338
0.0093898
0.00646229
0.00769125
0.00535496
0.00251312
0.0338845
0.300665
0.0387304
0.0250898
0.0175864
0.034047
0.0258326
0.0282762
0.0339495
0.018469
0.011892
0.0105333
0.00520726
0.00429219
0.00588848
0.00275637
0.00244056
0.00312401
0.00237281
0.00341592
0.00658819
0.00578089
0.00414625
0.00478234
0.00364534
0.00396038
0.00158582
0.0174416
0.0081101
0.0049998
0.0024277
0.00498611
0.00378105
0.00174986
0.00332315
0.00434205
0.00200736
0.00348063
0.00211141
0.00261902
0.00262764
0.0475918
0.0154991
0.0114722
0.00731554
0.00535361
0.00632046
0.0041552
0.00328069
0.00346046
0.0048194
0.00371481
0.00255851
0.00205806
0.0601575
0.119113
0.188062
0.221318
0.102101
0.0282218
0.0319018
0.0305708
0.017037
0.0082556
0.00869927
0.00685989
0.00705501
0.00553024
0.00921566
0.00792062
0.00733273
0.00477685
0.00483531
0.00459798
0.00423373
0.00376113
0.00342668
0.00190603
0.00256851
0.00278054
0.00174732
0.0154914
0.0153193
0.0146738
0.0139483
0.0142997
0.00961958
0.00727823
0.00700077
0.00644966
0.0042454
0.00394622
0.00506471
0.00245621
0.00122377
0.078108
0.0262283
0.0169549
0.0104343
0.0149065
0.0134339
0.00599168
0.0073065
0.00632817
0.00599001
0.00480163
0.00504581
0.00239916
0.021873
0.588879
0.0397273
0.0282981
0.0165769
0.018191
0.0173097
0.0115909
0.0159998
0.00965016
0.0112747
0.00390578
0.00445938
0.00293934
0.00462364
0.00220242
0.00309891
0.00453164
0.00295618
0.00345002
0.0036352
0.00390158
0.00369767
0.00452352
0.00236884
0.0029958
0.00366154
0.00394819
0.00740457
0.00402429
0.00458803
0.00331191
0.00199847
0.00334509
0.00300339
0.00340225
0.00235631
0.00228312
0.00210323
0.00275143
0.00334851
0.0430174
0.0255515
0.0160468
0.0097232
0.00637113
0.00813119
0.00737194
0.00336635
0.00383754
0.00320431
0.00335673
0.0039008
0.00232183
0.00667024
0.0859661
0.322494
0.284351
0.203857
0.0545793
0.032237
0.02662
0.0201049
0.0110722
0.00591409
0.00877845
0.00562892
0.00282876
0.0469148
0.013838
0.00897027
0.00963646
0.0180645
0.0140192
0.0118349
0.0117845
0.00364981
0.00371651
0.00337481
0.00400528
0.00433121
0.00982218
0.0154449
0.00881466
0.00983905
0.00681064
0.00541162
0.002276
0.0088154
0.00840786
0.00393067
0.00425297
0.00476815
0.00378473
0.00151119
0.0102252
0.0186493
0.0045009
0.00487123
0.00611223
0.00292462
0.00465432
0.00870872
0.00799597
0.00751756
0.00526669
0.0031146
0.00315471
0.00899441
0.695847
0.0452795
0.022444
0.0143669
0.0192625
0.0409882
0.0272871
0.0419003
0.0431152
0.0172691
0.0147218
0.027781
0.0153173
0.00974125
0.0154753
0.019116
0.0291019
0.0114721
0.0148939
0.00785051
0.01031
0.0211439
0.0203621
0.0091524
0.00615345
0.0170729
0.0149157
0.0245082
0.0152244
0.0101751
0.0124117
0.0115691
0.00840184
0.0184326
0.0291608
0.0216785
0.0113777
0.0133767
0.00596018
0.0150143
0.0218154
0.0510944
0.0236563
0.0242758
0.026866
0.0204678
0.0183189
0.0195
0.0100258
0.0193726
0.0157009
0.0122784
0.0140821
0.0179447
0.2868
0.0875689
0.201321
0.204705
0.101726
0.0755784
0.0432919
0.0368462
0.0306733
0.0177878
0.0283974
0.0265736
0.0201015
0.0184787
0.0181837
0.0103216
0.02014
0.00513336
0.0116688
0.0215497
0.0145004
0.0160794
0.00838728
0.0151533
0.0174671
0.00452496
0.0162916
0.0315805
0.0179328
0.0138627
0.0112711
0.0176795
0.00819246
0.00945778
0.00924152
0.00490504
0.00580491
0.00790404
0.00434052
0.0054179
0.0205248
0.0480865
0.017957
0.0124989
0.0184827
0.00826336
0.0116236
0.00832052
0.00861835
0.0092648
0.00820469
0.00959097
0.0157063
0.0157861
0.100085
0.0693186
0.0302223
0.0108094
0.010359
0.0144271
0.0126959
0.0166445
0.00860912
0.00582017
0.00728355
0.0136966
0.00732691
0.00596924
0.0076795
0.0155589
0.0216603
0.00898214
0.016183
0.00953779
0.00993963
0.0133636
0.0140908
0.00913034
0.0059335
0.0150694
0.0156519
0.0269096
0.0182901
0.00953246
0.0059965
0.00834637
0.00496509
0.0091671
0.0136617
0.0199065
0.0070382
0.00587225
0.00866612
0.00581468
0.0126881
0.0484569
0.0256065
0.0189931
0.0239325
0.0139263
0.0142992
0.0119072
0.010224
0.0185986
0.00846497
0.010926
0.00790148
0.0179567
0.183645
0.0668043
0.164921
0.321447
0.0556837
0.0333957
0.0274934
0.0262402
0.0277532
0.0140376
0.0152867
0.012348
0.0123138
0.018799
0.0365857
0.0408095
0.0519482
0.0261012
0.0108337
0.0124257
0.0165901
0.0101723
0.0044429
0.00508988
0.00510534
0.00788478
0.00674278
0.0986002
0.0203817
0.0190835
0.0214159
0.0170041
0.00758383
0.00721148
0.0136525
0.0103272
0.0101569
0.00669873
0.00478823
0.00626766
0.0157195
0.10341
0.0350029
0.0253292
0.0197689
0.0183836
0.0113169
0.008409
0.0106613
0.00717846
0.00766526
0.00974749
0.00757154
0.00699061
0.0413043
0.1863
0.00685116
0.00759697
0.00904391
0.0142433
0.014292
0.0242567
0.0520852
0.0111727
0.0111212
0.00975304
0.0107212
0.00799458
0.00725615
0.00895558
0.0167532
0.0139884
0.00378508
0.00731442
0.00573445
0.0054617
0.0109165
0.00373799
0.00424551
0.0145923
0.00900383
0.014715
0.0180278
0.0116979
0.00625457
0.00532678
0.00459154
0.00942339
0.00844761
0.013134
0.00977639
0.00621459
0.00549065
0.00505805
0.00331821
0.0471341
0.0178989
0.0161133
0.016127
0.0128353
0.0142029
0.0077325
0.00586693
0.00784773
0.00564907
0.0104392
0.00936191
0.0116571
0.0754882
0.10885
0.116818
0.128671
0.0992155
0.0397659
0.0248745
0.0248236
0.0178311
0.0117458
0.00992981
0.017455
0.0179986
0.0115665
0.0122032
0.00978398
0.0161085
0.0104192
0.00899332
0.00852063
0.014418
0.0101088
0.00997339
0.00812007
0.00696112
0.00601741
0.00757343
0.0262754
0.015526
0.00883964
0.0141934
0.0173209
0.0113316
0.00385615
0.00815197
0.008674
0.00434366
0.00731884
0.00490152
0.00688673
0.00418296
0.0554874
0.0297349
0.0156735
0.0130955
0.00830477
0.0127543
0.00663855
0.00807993
0.00382694
0.00615846
0.00507663
0.00398014
0.00708397
0.0130353
0.0579455
0.0341893
0.0270264
0.0244141
0.00290038
0.0094998
0.0072034
0.00867028
0.00404026
0.00750918
0.00553775
0.00391136
0.00604809
0.00578023
0.0067
0.00860207
0.00528942
0.00686239
0.00404404
0.00960198
0.00732838
0.00808838
0.0086366
0.00846556
0.00811903
0.00735692
0.0112707
0.010805
0.00749788
0.00574938
0.006036
0.00636694
0.00667386
0.0110852
0.00665066
0.00908876
0.0127236
0.00724948
0.0097002
0.0122627
0.0296237
0.0274532
0.0129701
0.0130387
0.0118742
0.00855012
0.00706372
0.00910456
0.00950094
0.00733472
0.0128902
0.00895845
0.00761739
0.0116125
0.0561312
0.144979
0.471015
0.249691
0.070422
0.0433985
0.0207923
0.0226334
0.0249534
0.0117375
0.0169448
0.00711392
0.00953353
0.085886
0.0172123
0.0201125
0.0244133
0.0172363
0.0226475
0.014414
0.0199013
0.0146695
0.0173091
0.00966034
0.0199034
0.0140262
0.0185133
0.328814
0.126025
0.0144762
0.00617751
0.00534242
0.018781
0.0422635
0.0340648
0.018968
0.0275861
0.0163603
0.0114045
0.0126709
0.0126685
0.335352
0.282486
0.0915993
0.0162016
0.0232603
0.01657
0.0157245
0.00679204
0.00103475
0.00254746
0.00440127
0.00564874
0.00461589
0.586988
0.0753576
0.00868909
0.0194963
0.0154336
0.0245259
0.0217584
0.0501607
0.0528078
0.00995187
0.0276625
0.0309444
0.0122036
0.0114157
0.0127876
0.0182343
0.027361
0.00755367
0.0091721
0.0142121
0.0124013
0.0221123
0.0141073
0.00872279
0.00552513
0.0120993
0.00870387
0.0221857
0.0139073
0.00778364
0.00853571
0.00804086
0.00870153
0.0129679
0.020931
0.0179074
0.0133865
0.00800841
0.00647762
0.0107778
0.00953238
0.0117169
0.0144961
0.00631462
0.0139954
0.0152963
0.00876779
0.00938081
0.0066782
0.00997426
0.00935866
0.00822478
0.0164202
0.0181402
0.0317231
0.0117808
0.0120861
0.0144359
0.0162552
0.0135817
0.0100725
0.00845351
0.013317
0.0109761
0.00985273
0.00971196
0.00862219
0.0120855
0.015651
0.00980871
0.0195133
0.00538404
0.00734732
0.0186606
0.00961096
0.0102137
0.00690888
0.0132536
0.00853859
0.00722647
0.00979263
0.0142052
0.0158294
0.010227
0.00732347
0.017412
0.00309558
0.00692096
0.00909525
0.00471019
0.00583444
0.00510158
0.00435237
0.00530955
0.00674217
0.0104401
0.0086654
0.0106206
0.0121589
0.00423366
0.0110182
0.00451623
0.0053959
0.00632931
0.00397138
0.00635631
0.00857572
0.0142117
0.082874
0.0597631
0.0171539
0.0129312
0.0107755
0.00952541
0.00996833
0.0104727
0.0138339
0.00378753
0.00703665
0.00972668
0.00855452
0.00685826
0.00422106
0.00742057
0.0130104
0.00507206
0.00999935
0.00555251
0.00773117
0.00926787
0.00818463
0.00683921
0.00624913
0.00778989
0.0124263
0.00565073
0.0090097
0.00459991
0.00379472
0.0050802
0.00393935
0.00617684
0.00904353
0.00947995
0.00651998
0.00420208
0.00292924
0.00632407
0.00544817
0.00360622
0.00728192
0.00922537
0.00812736
0.00459536
0.00779563
0.00642252
0.00310851
0.0103647
0.00286857
0.00395471
0.00584702
0.00449632
0.0219226
0.00332579
0.00528365
0.0151542
0.0099454
0.0101092
0.00546998
0.00380281
0.0101914
0.0140976
0.0120591
0.0190653
0.0135753
0.0304772
0.0445519
0.0290774
0.0465662
0.0438695
0.0145298
0.0383836
0.0295295
0.0216636
0.0178524
0.0157964
0.0130675
0.0191214
0.0266686
0.0575084
0.0558112
0.0152095
0.0318205
0.039102
0.0137767
0.0110361
0.0165586
0.0253568
0.010302
0.0143601
0.00757165
0.00653286
0.0188719
0.0279899
0.0209645
0.0304935
0.0255462
0.0127898
0.0104837
0.0103461
0.0116865
0.0129524
0.00938616
0.00924271
0.0105826
0.0188032
0.0284354
0.0651425
0.0355762
0.0155849
0.0155531
0.00662618
0.00657326
0.00544501
0.00790451
0.00469515
0.00644663
0.00568203
0.0080997
0.00545798
0.00347765
0.00740236
0.0124897
0.00793424
0.00801938
0.00437512
0.00975161
0.00723454
0.0104636
0.00502244
0.0035978
0.00649525
0.0105053
0.00478699
0.0101071
0.00578554
0.0030433
0.00599103
0.00268435
0.0071257
0.0105847
0.0125356
0.0103849
0.00369163
0.00573778
0.00485209
0.00449598
0.00639011
0.00459414
0.00979365
0.00841575
0.00860734
0.012652
0.00413982
0.00508063
0.0088415
0.00490835
0.00603568
0.00684609
0.00997427
0.0227314
0.0115869
0.00565507
0.00644639
0.0120747
0.00878507
0.00891126
0.0076476
0.00715223
0.00783996
0.00681942
0.00612681
0.00468267
0.00946314
0.00932558
0.00907742
0.0144883
0.0113776
0.00474329
0.00569944
0.014514
0.011442
0.00686006
0.00581798
0.00663332
0.00599826
0.00919619
0.0154991
0.0113697
0.00636926
0.00859141
0.0124794
0.0109728
0.00261341
0.00472143
0.00885088
0.00350767
0.00453723
0.00301021
0.00229298
0.00703606
0.0178456
0.00543166
0.0101912
0.00665033
0.00995189
0.00550478
0.00335307
0.00493823
0.00224693
0.00325662
0.00693106
0.0078068
0.00438673
0.00996078
0.0399641
0.0432284
0.0152891
0.0176023
0.00318535
0.00813869
0.0047044
0.00734908
0.00428787
0.00616484
0.00464387
0.00317796
0.00516493
0.0047715
0.00547511
0.0067218
0.00458063
0.00738619
0.00468268
0.00811238
0.00798636
0.0124788
0.00648965
0.00540787
0.00906849
0.00835574
0.0065963
0.00883491
0.00853432
0.00284015
0.00327827
0.00357531
0.00514958
0.00599329
0.00870835
0.00401979
0.0101684
0.00451924
0.00882317
0.00456799
0.0102685
0.00705758
0.00656467
0.00433646
0.00370888
0.00499387
0.00252647
0.0087653
0.0022408
0.00487912
0.00182
0.0077743
0.00245983
0.00696703
0.00515681
0.00562869
0.0128268
0.00417791
0.00722834
0.00358386
0.00540547
0.00695679
0.0026835
0.00894631
0.00628206
0.00438722
0.00673867
0.0122616
0.00448202
0.00309781
0.00424718
0.0135286
0.00607117
0.00232001
0.00718362
0.0107052
0.00463823
0.00304695
0.00806752
0.00967048
0.00548111
0.00750074
0.00405246
0.00504477
0.00181479
0.0051615
0.00801332
0.0103957
0.0292891
0.012788
0.00669005
0.00735079
0.0214405
0.00836222
0.0173734
0.269998
0.499125
0.0576702
0.0263482
0.0177462
0.00701277
0.017856
0.00158552
0.00204692
0.000991349
0.0044802
0.0027972
0.00343074
0.510064
0.0989642
0.0112293
0.00721192
0.00450122
0.0111399
0.00714218
0.0438521
0.051011
0.0107949
0.00601577
0.0086882
0.0070781
0.00914699
0.00442843
0.00217627
0.00471486
0.0019211
0.00222905
0.00303583
0.00245539
0.00659992
0.00240275
0.00271859
0.00365291
0.00169118
0.0044968
0.00166632
0.00184595
0.00193013
0.00183955
0.00449333
0.00107052
0.00266155
0.00274886
0.0016384
0.00135733
0.00203796
0.00192456
0.00219828
0.00172004
0.00172535
0.00159314
0.00185327
0.00115193
0.000849441
0.000812541
0.00169791
0.00132491
0.00128549
0.002406
0.00211283
0.00199799
0.00124514
0.0014233
0.00215694
0.00147668
0.00198192
0.00187673
0.00192075
0.00117228
0.00134571
0.00128421
0.000843606
0.000497789
0.000909211
0.000943087
0.00282483
0.00130264
0.00162916
0.00134682
0.000809926
0.000942878
0.00201805
0.000964929
0.0011626
0.00143195
0.00147011
0.00122133
0.00118171
0.000642821
0.00150494
0.00167458
0.00229862
0.00159783
0.00188198
0.00142149
0.000877066
0.00193242
0.000840979
0.000890822
0.000732705
0.000502042
0.000513949
0.00199659
0.00285655
0.00196792
0.00103367
0.00160311
0.00151485
0.000808476
0.001326
0.00106664
0.000398883
0.000717724
0.000964133
0.000829596
0.000750832
0.00110913
0.000982996
0.000648386
0.000783286
0.000902289
0.000451081
0.000839987
0.00084339
0.00102189
0.00080461
0.0013591
0.000486516
0.000791199
0.000794681
0.00150709
0.00098211
0.000796757
0.00208808
0.000638959
0.000784416
0.00107832
0.00089161
0.00141827
0.000381212
0.000977438
0.000385458
0.000710902
0.00189512
0.000935832
0.000555598
0.00145989
0.000862626
0.000309847
0.000786155
0.00068953
0.000576434
0.000849322
0.000603005
0.000207294
0.000400093
0.00194959
0.00513669
0.00243563
0.00115172
0.000772745
0.00121878
0.00141423
0.00189959
0.000931204
0.000886598
0.00114441
0.000367632
0.00122948
0.000833594
0.0120778
0.00431183
0.00153563
0.000955987
0.00213312
0.000367023
0.000955578
0.00142581
0.00177543
0.00123565
0.00129012
0.00123
0.000461296
0.000796405
0.00362516
0.000830734
0.0019968
0.00225139
0.000855344
0.00120495
0.000651795
0.000878048
0.000694319
0.000358493
0.000537255
0.00039866
0.000255388
0.0193008
0.0019015
0.00135951
0.00188359
0.00089946
0.000612834
0.000259951
0.0009632
0.000768879
0.000294191
0.000744659
0.000190605
0.000342537
0.000627401
0.00275122
0.00303596
0.000417287
0.00141522
0.000468463
0.00023846
0.00446077
0.00185895
0.000500826
0.000463796
0.000413027
0.000420182
0.000254209
0.0227453
0.0291291
0.00861605
0.003695
0.00256241
0.00166294
0.00245947
0.00256372
0.00277088
0.00246403
0.00103744
0.00192194
0.000950537
0.0011406
0.0124136
0.00180942
0.00355263
0.00191517
0.00127414
0.00129346
0.000942814
0.00499097
0.00127562
0.00119362
0.00142299
0.000674662
0.000638447
0.0152676
0.00462774
0.00255435
0.0022307
0.00207226
0.00204527
0.000718377
0.00334151
0.000877883
0.00076936
0.000550219
0.000385286
0.000502572
0.00052678
0.00358946
0.00210199
0.00106052
0.000909305
0.00109313
0.000471369
0.00208338
0.00158635
0.00134239
0.00060564
0.000332006
0.000353403
0.000438325
0.000533981
0.00425531
0.000434682
0.0014519
0.00119842
0.000448537
0.00147017
0.000529736
0.000439223
0.000317091
0.000297685
0.00030664
0.000303292
0.000559358
0.00524002
0.00218051
0.0010926
0.0013911
0.000814941
0.00103557
0.00041167
0.000854486
0.000311082
0.0010083
0.000638099
0.000340301
0.00017608
0.000538489
0.00663241
0.00149004
0.000946182
0.00044631
0.000549513
0.000488785
0.00077355
0.001468
0.000728203
0.00112153
0.000864455
0.000476168
9.82264e-005
0.000570706
0.000274829
0.000143047
0.000171872
0.000106121
0.000207513
0.000170747
0.000229373
0.000189381
0.00013949
9.63389e-005
7.54264e-005
9.73788e-005
0.000222119
0.000170235
0.000144886
0.000221824
0.000278645
0.00014455
0.000108664
0.000223642
0.000148833
0.000144421
5.60914e-005
3.1174e-005
3.58774e-005
3.08689e-005
0.000162471
0.000194644
0.00019061
9.96138e-005
0.000131528
4.54719e-005
2.73408e-005
7.17837e-005
0.000101802
8.92637e-005
7.95503e-005
5.20311e-005
4.54387e-005
2.94365e-005
0.000113528
5.91412e-005
0.000105324
5.98999e-005
5.34914e-005
2.36964e-005
6.59853e-005
5.81552e-005
2.71507e-005
1.98768e-005
2.26448e-005
1.36842e-005
1.03215e-005
6.6284e-005
4.60423e-005
2.40966e-005
3.95744e-005
1.95889e-005
2.14895e-005
1.67088e-005
2.39713e-005
1.57436e-005
9.32446e-006
8.52424e-006
3.66997e-006
4.00407e-006
6.84477e-006
0.000116623
8.27547e-005
5.47494e-005
0.000107952
5.00477e-005
8.03132e-005
5.92079e-005
7.91092e-005
3.82962e-005
4.0501e-005
2.72072e-005
2.96729e-005
2.32006e-005
1.68541e-005
2.47182e-005
1.25599e-005
1.02138e-005
8.24759e-006
6.47058e-006
5.95695e-006
1.21736e-005
1.08517e-005
1.28475e-005
1.11562e-005
7.56865e-006
5.93461e-006
5.7647e-006
5.76042e-006
3.57712e-006
3.05066e-006
3.02652e-006
3.8568e-006
3.40018e-006
2.64283e-006
2.76629e-006
2.57439e-006
2.13807e-006
1.94411e-006
1.81526e-006
1.80956e-006
2.41415e-006
2.03475e-006
2.28511e-006
1.65025e-006
1.92042e-006
1.9013e-006
1.79673e-006
1.81942e-006
1.75841e-006
1.73168e-006
1.73755e-006
1.69374e-006
1.5024e-006
1.49737e-006
1.5451e-006
1.42509e-006
1.39177e-006
1.4335e-006
1.48691e-006
1.36172e-006
1.33211e-006
1.32712e-006
1.36868e-006
1.38783e-006
1.3526e-006
1.34382e-006
1.31756e-006
1.45129e-006
1.30368e-006
1.3745e-006
1.31596e-006
1.41979e-006
1.38867e-006
1.27427e-006
1.42903e-006
1.30677e-006
1.36712e-006
1.39015e-006
1.31177e-006
1.33384e-006
1.25133e-006
1.31797e-006
1.30126e-006
1.37296e-006
1.31503e-006
1.32842e-006
1.28972e-006
1.36863e-006
1.35486e-006
1.34097e-006
1.42557e-006
1.31666e-006
1.39034e-006
1.43654e-006
1.35656e-006
1.34994e-006
1.24719e-006
1.19503e-006
1.32107e-006
1.15129e-006
1.22966e-006
1.25888e-006
1.29584e-006
1.38594e-006
1.36468e-006
1.27822e-006
1.37644e-006
1.37095e-006
1.324e-006
1.40754e-006
3.47196e-007
3.98023e-008
1.03741e-008
-1.39955e-009
6.18539e-011
8.33506e-012
-1.82259e-012
1.41416e-013
