0
0
0
6.16566e-005
8.87381e-005
3.46464e-005
2.40929e-005
3.84857e-005
6.64599e-005
6.06749e-005
8.16465e-005
9.25092e-005
3.99343e-005
3.61484e-005
3.32778e-005
2.76634e-005
3.07986e-005
7.63102e-005
4.52529e-005
3.51924e-005
3.1706e-005
2.37187e-005
2.29271e-005
2.35539e-005
2.4665e-005
2.72599e-005
2.58685e-005
2.23871e-005
2.35605e-005
3.09371e-005
3.09587e-005
3.11475e-005
2.97027e-005
3.18261e-005
3.35018e-005
2.67004e-005
3.10225e-005
4.75844e-005
4.36271e-005
3.34777e-005
2.8137e-005
2.95668e-005
3.9384e-005
3.53763e-005
3.13815e-005
1.86052e-005
1.92302e-005
1.89469e-005
1.65785e-005
1.56794e-005
1.76996e-005
2.40318e-005
2.95184e-005
3.32226e-005
3.92185e-005
4.18805e-005
3.29795e-005
2.54898e-005
1.60034e-005
7.31638e-006
5.90706e-006
5.87221e-006
4.4175e-006
3.10853e-006
7.16646e-006
1.48015e-005
1.43766e-005
1.7746e-005
2.06699e-005
1.69549e-005
1.01296e-005
6.91832e-006
5.48357e-006
6.2896e-006
6.15339e-006
5.89364e-006
7.48411e-006
1.21385e-005
1.55031e-005
1.22371e-005
1.16049e-005
1.1694e-005
1.03212e-005
7.12454e-006
5.08374e-006
2.53264e-006
1.87697e-006
1.81508e-006
1.46675e-006
1.42736e-006
1.59819e-006
1.54692e-006
1.21438e-006
9.0798e-007
8.68455e-007
8.8197e-007
1.03538e-006
6.16485e-007
3.07647e-007
2.8957e-007
3.44695e-007
5.13634e-007
5.41617e-007
5.61396e-007
6.22121e-007
6.79856e-007
7.82666e-007
9.63824e-007
1.0515e-006
1.2023e-006
1.29639e-006
0.000268403
0.00110375
0.00028245
0.000192185
0.00024469
0.000396564
0.000460158
0.00045581
0.00068969
0.000354563
0.000269812
0.000239328
0.000210477
0.000247388
0.00168134
0.00144718
0.00107544
0.000887632
0.000713284
0.000630704
0.000586224
0.000593102
0.000614976
0.000607073
0.000526706
0.000498691
0.000535978
0.000714394
0.00118385
0.00143026
0.00130937
0.00123133
0.00102876
0.000848242
0.000898926
0.000638467
0.000473243
0.000409439
0.000398866
0.000493894
0.00045443
0.000825497
0.000820608
0.000712306
0.000707965
0.000609149
0.00052958
0.000537994
0.000691266
0.0007471
0.00076661
0.000906789
0.000933325
0.000795776
0.000520908
0.000413333
0.000236612
0.000170858
0.000167426
0.000127082
8.07614e-005
0.000175733
0.000454309
0.000439363
0.000502359
0.000596069
0.000516478
0.000333338
0.000257635
0.000163829
0.000178377
0.000188867
0.000177729
0.000170641
0.000198113
0.000275632
0.00034052
0.000324844
0.000367022
0.000328133
0.000236662
0.000163924
9.69884e-005
7.51829e-005
7.8044e-005
6.69835e-005
6.46868e-005
7.58243e-005
8.02219e-005
6.6399e-005
5.51503e-005
5.71083e-005
5.79995e-005
6.67571e-005
5.45148e-005
1.59962e-005
1.25837e-005
1.43053e-005
1.92946e-005
2.38944e-005
2.73229e-005
2.73258e-005
3.22017e-005
3.72438e-005
4.32123e-005
4.98579e-005
6.15005e-005
5.49452e-005
0.000267645
0.00309932
0.00112871
0.00108655
0.00117414
0.00108763
0.000932144
0.000750298
0.000582823
0.00047342
0.000422586
0.00035943
0.00029867
0.000291872
0.00102153
0.00265562
0.00201484
0.00145679
0.00139636
0.00164363
0.00137613
0.00105735
0.000753098
0.000723978
0.000806251
0.000760769
0.00067485
0.000701801
0.00170929
0.00244246
0.00315191
0.00305936
0.00262109
0.00195524
0.00124526
0.00116803
0.00137782
0.00152992
0.00154648
0.00119248
0.000675724
0.00200356
0.00336249
0.00323886
0.0032245
0.00370698
0.00377928
0.00287744
0.00231455
0.00319391
0.00317422
0.00260445
0.00235331
0.00219316
0.00180554
0.00140911
0.00153858
0.00172579
0.00175533
0.00161257
0.00170327
0.00184547
0.00182917
0.00177916
0.00221739
0.00243563
0.00223912
0.00147374
0.00110774
0.00107665
0.00100232
0.001007
0.000849207
0.000873963
0.000766636
0.000983581
0.00114971
0.00138915
0.00126752
0.0013245
0.000997928
0.00050247
0.000697975
0.000951857
0.00105253
0.000921431
0.000737493
0.000682555
0.000810071
0.00089608
0.000715584
0.000693467
0.000758536
0.000703019
0.000469283
0.000217838
0.00020971
0.00022522
0.000255136
0.000257665
0.000246954
0.000293903
0.00067496
0.00088291
0.000659085
0.000595394
0.000577105
0.000435318
0.000937091
0.00509473
0.00226875
0.00199672
0.00179814
0.00171326
0.00145252
0.00115554
0.00107103
0.00114891
0.00106625
0.000910002
0.000957956
0.000707167
0.00184021
0.00234841
0.00152205
0.00137099
0.00177493
0.00172199
0.00143604
0.00117847
0.000734413
0.000741332
0.000932518
0.000793452
0.000734966
0.000685527
0.00268475
0.00349111
0.00371065
0.00314626
0.00279909
0.0027939
0.00215296
0.0014778
0.00137301
0.00161959
0.00154012
0.00142133
0.00133866
0.00164848
0.00301364
0.00346222
0.00315811
0.00262592
0.00250426
0.00207448
0.00248788
0.00209056
0.00166239
0.00129955
0.00111072
0.000819061
0.000569701
0.00148553
0.00150515
0.0016532
0.00175524
0.00168092
0.00154594
0.00124775
0.00122283
0.00113437
0.00114579
0.00106686
0.000914121
0.00077535
0.000879834
0.000837467
0.000806778
0.000737359
0.000526044
0.000427773
0.000529556
0.000942435
0.00117727
0.00111654
0.000911176
0.000798714
0.000744756
0.000664253
0.0011657
0.00109682
0.00109314
0.000970623
0.00111599
0.00142293
0.00134624
0.00131896
0.00100234
0.000911618
0.000800555
0.000448795
0.000215649
0.000524486
0.00241315
0.0020573
0.00207624
0.00215838
0.00196352
0.0016117
0.00194651
0.00216425
0.00167668
0.0011582
0.00106391
0.00102804
0.000550719
0.000833095
0.0011884
0.000836009
0.00080005
0.00115768
0.00174761
0.00185936
0.00217806
0.00216218
0.00119517
0.000872546
0.000757821
0.000717134
0.00152492
0.00579008
0.00479827
0.00359232
0.00317189
0.00257483
0.00248201
0.00252988
0.00243041
0.00245128
0.00227912
0.00211207
0.00202731
0.00219679
0.00346994
0.00616607
0.00628961
0.00528881
0.0046728
0.00316708
0.0024221
0.00238822
0.00138349
0.00111685
0.000995652
0.00105164
0.00134493
0.00148437
0.00398697
0.00435137
0.00416197
0.00432814
0.00374986
0.00354549
0.00287008
0.00287434
0.00245943
0.0023675
0.00284375
0.00292515
0.00213598
0.00215874
0.00190339
0.00148215
0.00140153
0.001342
0.000975343
0.000645339
0.00119387
0.00232845
0.00209632
0.00246599
0.00286427
0.0022608
0.00128257
0.00179856
0.00145338
0.0019472
0.00185804
0.00188321
0.00166291
0.00190238
0.00201839
0.00202867
0.00229676
0.00247573
0.00208216
0.00119123
0.00235074
0.00285038
0.00285939
0.00278857
0.00251138
0.00278386
0.00290879
0.00193007
0.00122528
0.00107847
0.00139424
0.00144769
0.00162497
0.00103412
0.00069219
0.000640345
0.000688978
0.000747176
0.000727601
0.000807383
0.000738455
0.000653035
0.000754709
0.000952922
0.00121624
0.00146947
0.00111395
0.00127357
0.00204678
0.000881748
0.000878774
0.00114814
0.00171872
0.00212412
0.00216737
0.00253271
0.00144014
0.0010065
0.000811057
0.000740269
0.00100582
0.00552647
0.00507253
0.00382757
0.003229
0.00280864
0.00266877
0.00245249
0.00248176
0.00245242
0.0023688
0.00222486
0.00220859
0.00203724
0.00281954
0.00576653
0.00692879
0.00552072
0.0047473
0.00367301
0.0025456
0.00262496
0.00162138
0.00117047
0.00110625
0.00104737
0.00123858
0.00124388
0.0035837
0.00503345
0.0044779
0.00436465
0.00420704
0.00363123
0.00334562
0.00365543
0.00310743
0.00266927
0.0028942
0.00276207
0.00245591
0.00215366
0.00199305
0.00166583
0.00152469
0.00145075
0.00118366
0.000716764
0.00103123
0.00218887
0.00215909
0.00236893
0.00283663
0.00241716
0.00140822
0.00210157
0.00172169
0.00198534
0.00218461
0.00223655
0.00170899
0.00179037
0.00187096
0.00190778
0.0021757
0.00233778
0.00192325
0.00146338
0.00230055
0.00313017
0.00317027
0.00329052
0.00301135
0.00287678
0.00301861
0.00242382
0.00150509
0.00115923
0.00135659
0.00149196
0.00168967
0.00142884
0.000859172
0.000716248
0.000739523
0.000773584
0.000804462
0.00090113
0.000837292
0.000641296
0.000754812
0.0010084
0.00113374
0.00140035
0.00142097
0.00153374
0.0102663
0.00415503
0.00306767
0.00356347
0.00407171
0.0036111
0.00323857
0.00272745
0.00257262
0.00223394
0.0021332
0.00189226
0.00199301
0.00513892
0.0057157
0.00434482
0.0034324
0.00360727
0.00399794
0.00342015
0.00314889
0.00233533
0.0022292
0.00220778
0.00200883
0.00147945
0.00123454
0.00872543
0.010445
0.0104761
0.00928566
0.00639954
0.00448476
0.00364208
0.00437612
0.0037143
0.00346838
0.00280998
0.00181132
0.00124092
0.00288932
0.00422248
0.00504409
0.0061174
0.00596413
0.00535444
0.00451092
0.00508789
0.0051663
0.00559347
0.00556547
0.00430037
0.00322777
0.00251309
0.00213868
0.00328898
0.00372056
0.0035617
0.00325362
0.00372113
0.00397556
0.0042584
0.0041505
0.00368399
0.00374467
0.00425946
0.00352392
0.00493528
0.00496903
0.00368509
0.00359973
0.00287482
0.00248941
0.00240544
0.00291518
0.00288774
0.00281528
0.00288402
0.00317582
0.00304484
0.00197473
0.00398664
0.00471484
0.00547479
0.00440164
0.00376798
0.00289136
0.00190304
0.00165695
0.00158179
0.00173308
0.00136992
0.00120341
0.000932188
0.00171047
0.00196747
0.00158115
0.00160031
0.00155313
0.00134202
0.0013178
0.00147438
0.00113927
0.00133994
0.00130375
0.0010763
0.000706037
0.000913122
0.00552485
0.00618162
0.0055947
0.00472275
0.00419636
0.00351154
0.00265892
0.00213926
0.00162826
0.00175317
0.00165386
0.00169502
0.00126185
0.00316183
0.00244773
0.00222871
0.00237588
0.00227742
0.00216942
0.00200923
0.00146392
0.00132262
0.00156
0.00173805
0.00170227
0.00180231
0.00166339
0.00381099
0.00600631
0.00534649
0.00526135
0.00365256
0.00298785
0.00171407
0.00240377
0.00243593
0.00246989
0.00260557
0.00237813
0.0016748
0.00226414
0.00406451
0.00355514
0.00370657
0.00335561
0.00279979
0.00209015
0.00410875
0.00259996
0.00268459
0.00300727
0.0031546
0.00251786
0.00175696
0.00266726
0.00270937
0.00279661
0.00265403
0.00281258
0.0024949
0.0026385
0.00340064
0.00227612
0.00264902
0.00255602
0.00202112
0.00147625
0.00153518
0.00166968
0.00160672
0.00167097
0.00113482
0.000804579
0.000733737
0.00104212
0.000874268
0.000798005
0.00100027
0.00111485
0.00134242
0.0011325
0.00363002
0.00256526
0.00202692
0.00272747
0.00256891
0.00190424
0.00184152
0.00224674
0.00145065
0.00113463
0.00115472
0.00122915
0.000665512
0.0012089
0.00280306
0.00272055
0.00282752
0.00311504
0.00320838
0.00270863
0.0022604
0.00197488
0.00157047
0.00167495
0.00155289
0.0011361
0.000623739
0.0131113
0.626773
0.449053
0.136631
0.0690809
0.0917472
0.0552587
0.164535
0.177948
0.0594004
0.00959537
0.00604717
0.00358403
0.00296391
0.00546652
0.00598702
0.00394017
0.00463177
0.00526204
0.00428123
0.00351477
0.00350076
0.0034157
0.00337272
0.00296385
0.00291523
0.00280097
0.00329435
0.00495414
0.00567922
0.00472852
0.00346257
0.00314697
0.00259807
0.00197325
0.00184001
0.00209353
0.00197512
0.00218653
0.00219983
0.00241375
0.00505448
0.00585472
0.00560909
0.0049431
0.00547464
0.0047476
0.00288446
0.00253804
0.00288201
0.00334191
0.00311158
0.00264862
0.002127
0.00852027
0.0394782
0.0219489
0.0179977
0.0127714
0.00528463
0.00531418
0.00464086
0.00595075
0.00490307
0.00446824
0.00512478
0.00470154
0.00347885
0.00575423
0.00379746
0.00381542
0.00399613
0.00310308
0.00225063
0.0031215
0.00433986
0.0045333
0.00425263
0.00378196
0.00311874
0.00217599
0.00290566
0.00465466
0.00400385
0.00397597
0.00358896
0.00336469
0.0027502
0.00215889
0.00169166
0.00181464
0.00188575
0.00162097
0.00129999
0.00074311
0.00177709
0.00132853
0.00129503
0.00123118
0.00126541
0.00131242
0.00129699
0.00128621
0.00140221
0.00152053
0.00160925
0.0015735
0.00131491
0.00326874
0.573023
0.626462
0.288776
0.0620016
0.0654371
0.067598
0.103646
0.184896
0.093579
0.00983197
0.00587168
0.00265771
0.00265749
0.00316273
0.00528895
0.00467403
0.00402845
0.00486562
0.00471726
0.0043563
0.00412025
0.00329703
0.0030719
0.00369299
0.00373166
0.00360886
0.00578723
0.0090747
0.00821368
0.00769117
0.00801936
0.00711645
0.00538693
0.00424003
0.00557427
0.00519676
0.00495535
0.0049332
0.00489224
0.00460867
0.00739712
0.00800233
0.00780027
0.00700304
0.00684382
0.00665414
0.00528266
0.00546817
0.00569404
0.00569927
0.00508385
0.00384233
0.00242507
0.00243649
0.0240436
0.020552
0.0156036
0.0144627
0.00453856
0.00289634
0.00286828
0.00280572
0.00226024
0.00221429
0.00236768
0.00256823
0.0019421
0.00367259
0.00398469
0.00394845
0.00419275
0.00370575
0.00311221
0.0024313
0.00176029
0.0014528
0.00137869
0.0015594
0.00175599
0.00160236
0.00188814
0.00236161
0.00110771
0.00133984
0.00121167
0.00103449
0.00122925
0.00126842
0.00178467
0.00218814
0.00186007
0.00190895
0.00148103
0.0011505
0.00486242
0.00391652
0.00199203
0.00185089
0.00183062
0.00158616
0.00151988
0.00153935
0.00109113
0.000905129
0.000826033
0.000789737
0.000796224
0.0018907
0.227824
0.55174
0.396944
0.0634282
0.0454579
0.0874132
0.0883326
0.180026
0.121634
0.0174452
0.00588196
0.00290626
0.00190541
0.00439276
0.00572777
0.00443747
0.00439825
0.00494197
0.00469752
0.00378996
0.00324828
0.00266637
0.00244485
0.00256655
0.0025807
0.00243464
0.0024731
0.00611132
0.00738576
0.00706243
0.00630784
0.00471716
0.00345976
0.00327083
0.00325215
0.00249789
0.00235564
0.00241513
0.0023879
0.00201955
0.00293561
0.00542426
0.00630452
0.00730314
0.00757808
0.00746145
0.00562333
0.0069527
0.00613802
0.00486498
0.00432041
0.00421695
0.00423074
0.00291656
0.0309783
0.0408343
0.023555
0.0217715
0.00869433
0.00530499
0.00539119
0.00543629
0.00557267
0.00488801
0.00394652
0.00462423
0.00349089
0.00345186
0.0041315
0.00371579
0.00362105
0.00285637
0.00298847
0.00264147
0.00449451
0.00334806
0.00287228
0.00247239
0.00227759
0.00219524
0.00144927
0.00317678
0.00453319
0.00509474
0.00455762
0.00343363
0.00309527
0.00266084
0.00227828
0.00194033
0.001896
0.00174634
0.00152754
0.00109144
0.00129824
0.00133437
0.00120788
0.00153144
0.00144116
0.00130432
0.00114452
0.00213073
0.00242637
0.0024318
0.00197344
0.00198019
0.0021141
0.00132211
0.0460139
0.769581
0.781102
0.0889818
0.0310012
0.0628453
0.0344043
0.117141
0.163932
0.0572413
0.00246957
0.00460516
0.00149869
0.00350488
0.00353756
0.00356925
0.00348399
0.00379519
0.00312824
0.00268118
0.00231193
0.0020052
0.00230978
0.00229544
0.00236612
0.00232265
0.00191831
0.00312723
0.00437137
0.00498675
0.00462838
0.00378311
0.00272519
0.00220647
0.00210321
0.00213898
0.0021959
0.00269859
0.00254496
0.00197799
0.00315322
0.00575521
0.00444131
0.00483559
0.00454344
0.00352179
0.00279737
0.00371207
0.00346475
0.00344072
0.0035465
0.00285173
0.00203054
0.00125104
0.0200529
0.0498649
0.0425213
0.0349705
0.0185112
0.00469649
0.00430417
0.00479744
0.00417435
0.00321974
0.00319048
0.00259095
0.00226824
0.00192905
0.00199755
0.00183398
0.00182113
0.00140174
0.00114765
0.000777649
0.00115256
0.0011636
0.00114538
0.0014341
0.00144705
0.00151775
0.00130091
0.00871693
0.627703
0.596831
0.161891
0.0550848
0.0697156
0.0361242
0.109705
0.158992
0.0588243
0.00276712
0.003072
0.000840335
0.00117253
0.0348357
0.0712656
0.0210242
0.00561916
0.00408813
0.00594369
0.00539334
0.00458994
0.00336384
0.00279145
0.00228162
0.00263912
0.00143303
0.0067499
0.564927
0.492913
0.127742
0.0625022
0.087859
0.0595708
0.138343
0.190717
0.0740787
0.00946376
0.00634889
0.00318085
0.0025152
0.00496932
0.00371329
0.00395456
0.00421389
0.00407676
0.00426069
0.0038876
0.00378853
0.00310185
0.00322634
0.00257603
0.00235844
0.00198838
0.00326748
0.00743194
0.0091932
0.00841779
0.00820804
0.00757342
0.00570263
0.00455337
0.00362922
0.00371688
0.00295657
0.00264199
0.00304064
0.00265726
0.00453539
0.0057316
0.00635887
0.00672585
0.00629355
0.00451139
0.00411809
0.00422211
0.00468751
0.00520335
0.00476338
0.00383613
0.00289504
0.00655161
0.0603612
0.0397181
0.0303419
0.0209561
0.00562908
0.0055434
0.00696933
0.00693803
0.00607829
0.00490095
0.00443468
0.0044786
0.00312699
0.0052651
0.00450617
0.0035352
0.0031252
0.00268131
0.00271717
0.00301404
0.00259232
0.00261182
0.00257583
0.00306545
0.00294586
0.00249104
0.0018929
0.00378293
0.00454144
0.00415497
0.00324954
0.00332841
0.00284164
0.0019634
0.00143301
0.00148589
0.00190277
0.0020359
0.0014218
0.00066433
0.00185713
0.00149846
0.0015535
0.00174595
0.00162059
0.00154003
0.00129929
0.00154629
0.00143424
0.00162898
0.00171108
0.0017044
0.00110998
0.00285072
0.464735
0.507205
0.291177
0.0558098
0.0547726
0.0767698
0.100655
0.210089
0.100611
0.0122622
0.00671394
0.00349537
0.00274346
0.0054296
0.0077649
0.00525582
0.00484043
0.00411065
0.00382004
0.00397449
0.0040257
0.00315764
0.00333936
0.00345104
0.0033154
0.00352936
0.00436877
0.00840383
0.0107154
0.0105788
0.0123075
0.0120704
0.00865306
0.00482561
0.00652844
0.00835429
0.00775359
0.00690971
0.0074667
0.00671153
0.0073261
0.00799237
0.00744645
0.00739643
0.00811065
0.00786948
0.00741816
0.0083316
0.00829753
0.00846339
0.00843005
0.00778663
0.00680496
0.00472759
0.0290157
0.0271539
0.0194776
0.0163656
0.00531702
0.00398189
0.00428667
0.00368624
0.00367111
0.00376452
0.00344568
0.00394198
0.00392589
0.00382491
0.00379914
0.00356925
0.0034874
0.00318216
0.00324773
0.00284704
0.0027041
0.00257489
0.00193333
0.00194077
0.0019319
0.00153834
0.00200705
0.00258748
0.00183882
0.00170094
0.00113998
0.00168135
0.0017756
0.00178868
0.00219838
0.00138644
0.00123032
0.00196492
0.00143661
0.0011544
0.00329198
0.00381542
0.00269308
0.00239431
0.00221431
0.00220245
0.00188865
0.00178444
0.00110657
0.000730136
0.000848714
0.000828558
0.000593904
0.000733828
0.131127
0.474001
0.394411
0.0604197
0.0391496
0.0942623
0.0772451
0.160839
0.117558
0.0188237
0.0053418
0.00212531
0.00119232
0.00312944
0.00551391
0.00422387
0.00422932
0.00438428
0.00453799
0.00405717
0.00329671
0.00289544
0.00277159
0.00296352
0.00335988
0.00368597
0.00307914
0.00592578
0.00751715
0.00944412
0.00922696
0.00612295
0.00449251
0.00288974
0.00313718
0.00351685
0.00311904
0.00273949
0.0025268
0.00211645
0.00318072
0.0063883
0.00638062
0.00597485
0.0065381
0.00509464
0.00414941
0.00482695
0.00444706
0.00478131
0.00476263
0.0041584
0.00364407
0.00329552
0.0320914
0.0598121
0.0368275
0.0311757
0.0120744
0.00517521
0.0057528
0.00548032
0.00701404
0.00592138
0.00431559
0.00485443
0.00374012
0.00338655
0.00426723
0.00384005
0.00344245
0.00272427
0.0024884
0.0019625
0.00191069
0.00280881
0.00314051
0.00366074
0.00421168
0.00407428
0.00253437
0.00342744
0.00443555
0.00482361
0.00519985
0.00464972
0.00384372
0.00266108
0.00164503
0.00158367
0.00177377
0.00179357
0.00175037
0.00119215
0.0011336
0.00164487
0.00158097
0.00145721
0.00155258
0.00151063
0.00119849
0.0012646
0.00162877
0.00149986
0.00145157
0.00131207
0.00104268
0.00075457
0.0328008
0.811195
0.753754
0.0454064
0.0240003
0.0443908
0.0158866
0.0848138
0.204968
0.0790589
0.0013492
0.00724806
0.00198325
0.00333584
0.00369597
0.00301999
0.00324497
0.00357841
0.00297573
0.00265902
0.0023291
0.00238823
0.0026385
0.00240248
0.00244736
0.00241609
0.0018462
0.00322846
0.00426297
0.00401639
0.00395783
0.00500293
0.00511807
0.00348447
0.00331004
0.00295742
0.00284929
0.00300888
0.00254543
0.00219936
0.00227662
0.00585656
0.00415619
0.00488287
0.00535042
0.00466276
0.00409081
0.00347588
0.00333363
0.00311441
0.00293838
0.00298554
0.00276593
0.00170829
0.00230686
0.00364612
0.00428618
0.00455124
0.00450016
0.00428442
0.00387453
0.00446292
0.00347707
0.00315268
0.00282579
0.00223179
0.00179346
0.00134841
0.00241155
0.00175648
0.00154076
0.00125898
0.00115866
0.000824181
0.000852363
0.000955354
0.00104806
0.0012357
0.00127503
0.00130002
0.000969009
0.00490575
0.599919
0.591798
0.227557
0.0882112
0.0714635
0.0415188
0.128102
0.198356
0.0673128
0.00339922
0.00404478
0.000797109
0.000951783
0.0109356
0.0202466
0.00953963
0.00533457
0.00426127
0.00544685
0.00429286
0.0039629
0.00415943
0.00336204
0.00283646
0.00229846
0.00162431
0.0083056
0.512371
0.58856
0.228163
0.0439852
0.0685018
0.0945539
0.119525
0.252898
0.139396
0.0145553
0.016064
0.00961071
0.0151414
0.0151739
0.017171
0.0103797
0.0174577
0.010092
0.0108276
0.0142441
0.00987955
0.013497
0.0111521
0.00922907
0.0102469
0.0076529
0.0115885
0.0196475
0.0164126
0.017186
0.0163628
0.00974839
0.0122293
0.00894763
0.0095583
0.0119555
0.00565928
0.00779479
0.00555566
0.00805452
0.0412855
0.0236275
0.0192095
0.0169205
0.0131366
0.018221
0.0159635
0.0163291
0.0133082
0.0136202
0.0158633
0.00968413
0.00993028
0.0203466
0.0815213
0.0702067
0.0708213
0.0431935
0.0169647
0.010867
0.011978
0.00787112
0.00905683
0.00974936
0.0067106
0.0111842
0.00954402
0.0080459
0.0150616
0.0114933
0.01053
0.00875526
0.00705156
0.00987299
0.00842152
0.0103371
0.0121294
0.0107616
0.0151057
0.00695312
0.00961702
0.0218753
0.012662
0.0163693
0.00928945
0.0082617
0.00764065
0.00462057
0.0042118
0.00368617
0.00329334
0.00441441
0.0036929
0.00349277
0.0209012
0.0159845
0.00813415
0.00552797
0.00619711
0.00827739
0.00627451
0.00667495
0.00638329
0.0084404
0.00837269
0.00819269
0.00963256
0.00771929
0.463455
0.48756
0.421023
0.0479155
0.0494898
0.0708865
0.0399988
0.353036
0.158366
0.0354847
0.0217586
0.0180206
0.019219
0.013611
0.0156104
0.0107491
0.0161229
0.00926196
0.0106256
0.0118795
0.00711848
0.00755625
0.00429781
0.00444599
0.00378598
0.0024578
0.00396091
0.0102173
0.0132227
0.0141226
0.0130968
0.0136076
0.0140529
0.00769242
0.00898657
0.00699523
0.00716676
0.00708862
0.00563992
0.0059022
0.016266
0.0239924
0.0202481
0.0116995
0.0123671
0.0149296
0.0106381
0.0103883
0.0126111
0.0147376
0.00928552
0.00903453
0.00864741
0.00705842
0.0990517
0.0887522
0.0503757
0.0493353
0.0161259
0.0115983
0.0112478
0.00936875
0.00907287
0.00716441
0.00783292
0.00710962
0.00723354
0.00842302
0.00756443
0.00676559
0.00605836
0.00468627
0.00456933
0.00531952
0.00418228
0.00447157
0.00472133
0.00499167
0.00454792
0.00507539
0.00509511
0.0124757
0.00518651
0.00547985
0.00533864
0.00440662
0.00423014
0.00527363
0.00497518
0.00540789
0.00560687
0.00563227
0.00557173
0.00526384
0.0149836
0.0271559
0.00990175
0.00962314
0.00918742
0.00858614
0.00742059
0.0066
0.00529098
0.00517432
0.00488029
0.00402229
0.00485798
0.00436533
0.162621
0.514472
0.520828
0.0768536
0.0226523
0.0805602
0.0261824
0.238938
0.307099
0.0413585
0.0263379
0.0225697
0.0147075
0.0205154
0.0172624
0.0185176
0.0232135
0.0137473
0.0172038
0.0172484
0.0159752
0.0172317
0.0137525
0.0134102
0.0172885
0.0097652
0.0135747
0.0183863
0.0162205
0.0191884
0.0134172
0.0165466
0.0123589
0.00956568
0.013171
0.00839653
0.0112457
0.0101026
0.00830033
0.0120198
0.0152528
0.0369601
0.0254062
0.0205574
0.0259384
0.0175808
0.0163028
0.0155322
0.0097284
0.0108209
0.0101205
0.00901411
0.00888114
0.00696366
0.079378
0.171638
0.0923732
0.0946344
0.0289254
0.0119024
0.0111907
0.00726154
0.0117909
0.00620442
0.00760348
0.00699804
0.00680228
0.00592587
0.00844161
0.00907003
0.00921827
0.00540163
0.00639014
0.0071675
0.00681711
0.0073429
0.00576111
0.00654249
0.0074576
0.00728491
0.00513209
0.00927744
0.00993704
0.00829428
0.00852487
0.00709962
0.00646379
0.00629807
0.00526135
0.00423078
0.0040503
0.00403409
0.00374533
0.00419139
0.00465571
0.0235749
0.00976003
0.00571704
0.00696901
0.00660051
0.00623993
0.00661612
0.00552193
0.00322039
0.00340344
0.00332838
0.00344199
0.00273949
0.0250605
0.315985
0.471316
0.145882
0.0369537
0.0914085
0.0527988
0.201784
0.1381
0.054566
0.0207175
0.0156715
0.00698666
0.00818854
0.0145685
0.011226
0.0126583
0.0137762
0.0138906
0.0109741
0.0132909
0.0133101
0.0125119
0.0143658
0.0106203
0.0143445
0.00981088
0.0125216
0.0174896
0.0223673
0.0164072
0.0165418
0.0108332
0.0142852
0.0119321
0.0166832
0.0109039
0.0144532
0.0115934
0.0116767
0.0131415
0.0324024
0.0256765
0.0111465
0.0179732
0.00906917
0.014211
0.00771783
0.0132874
0.00849332
0.0110493
0.00874986
0.00808128
0.00677851
0.0264619
0.126461
0.0968675
0.0773631
0.0396248
0.019024
0.0116489
0.0108235
0.00656042
0.00762661
0.0115723
0.00510763
0.00564251
0.00477899
0.0108269
0.00393875
0.00548095
0.00432666
0.0040476
0.00365932
0.0036097
0.00435707
0.00402063
0.003591
0.00391247
0.00439938
0.00381889
0.00771952
0.474645
0.458934
0.219374
0.0706193
0.0946969
0.070663
0.168091
0.282105
0.058611
0.00132942
0.00940732
0.00290941
0.00431739
0.0221962
0.108074
0.0555341
0.0144134
0.0124203
0.0106248
0.00829434
0.0143168
0.00785856
0.00498463
0.00347831
0.00328778
0.00188579
0.011372
0.512301
0.474493
0.241746
0.0330502
0.0604375
0.0939471
0.108204
0.232515
0.139955
0.0278251
0.0176582
0.00864657
0.0120404
0.0208307
0.0127786
0.0189105
0.0150275
0.00938708
0.0128728
0.0128158
0.0130164
0.0129955
0.0106083
0.00994749
0.00663627
0.00748087
0.00922093
0.0177042
0.0175278
0.0157431
0.0145075
0.0121349
0.0136201
0.0108017
0.0108493
0.0135204
0.00961348
0.00977192
0.00952737
0.00951637
0.0347564
0.0338764
0.0183975
0.0170145
0.0172996
0.0154621
0.0114688
0.0122112
0.0136785
0.014537
0.0114159
0.0119133
0.0144108
0.0182519
0.0954966
0.0590468
0.0557367
0.0343848
0.014138
0.0157414
0.0115661
0.0110299
0.0132938
0.00878527
0.0105095
0.011254
0.00957427
0.00931862
0.00857748
0.0116142
0.00921866
0.00620179
0.00660322
0.00578635
0.00731357
0.00883874
0.00841835
0.00949916
0.00889722
0.00673701
0.00912071
0.0130502
0.0130812
0.0150313
0.0111822
0.0135352
0.00745333
0.0073915
0.00653541
0.00462197
0.00637451
0.00511014
0.00519714
0.00445227
0.0169679
0.0201336
0.0134325
0.0105601
0.00866556
0.00945144
0.009725
0.00971291
0.00942766
0.0089352
0.00898659
0.00782311
0.0106875
0.0104482
0.397235
0.432889
0.46446
0.0530363
0.0465199
0.0888888
0.0306155
0.312339
0.152595
0.0296102
0.0245999
0.023727
0.0201247
0.0238864
0.0168783
0.0122646
0.0218726
0.0102649
0.0147243
0.016408
0.00791921
0.0128314
0.00836116
0.00821291
0.0147949
0.00604447
0.0107171
0.020254
0.0209268
0.0219265
0.013299
0.0151405
0.0136621
0.00865005
0.0116098
0.00844459
0.0125055
0.00928298
0.00763029
0.0103794
0.0181712
0.0334277
0.0245996
0.016051
0.0237802
0.0190524
0.0168044
0.0142684
0.0144148
0.0202639
0.0161269
0.0168603
0.0137516
0.0078543
0.0720501
0.0974945
0.0578002
0.0627053
0.0206643
0.0125866
0.0134293
0.00967936
0.0123438
0.00876988
0.0092191
0.00901139
0.00868105
0.0115579
0.00874757
0.00892779
0.01115
0.00710041
0.00795861
0.00780414
0.00642586
0.00627485
0.00522748
0.00588349
0.00546004
0.00515262
0.00564397
0.0108224
0.00745535
0.00706399
0.00473678
0.00636384
0.00477276
0.00474567
0.00642887
0.00374147
0.0058905
0.0047413
0.00430844
0.00491179
0.0114343
0.0303359
0.0130536
0.00987797
0.00968788
0.00736456
0.00599993
0.00465035
0.00358643
0.0043816
0.00287697
0.00364086
0.00281287
0.00269451
0.126214
0.684213
0.557679
0.0848944
0.0260898
0.110912
0.0386545
0.136651
0.309968
0.0594049
0.0156715
0.0109087
0.00439994
0.0130692
0.00642373
0.00818267
0.0133767
0.00829505
0.0133883
0.00731931
0.0109953
0.00893741
0.00530272
0.0101541
0.00663153
0.00807626
0.0106222
0.0116572
0.0201431
0.0158047
0.0150602
0.0154204
0.00923633
0.00932335
0.00837969
0.00656901
0.0094982
0.0068335
0.00844544
0.00924112
0.00778047
0.0322825
0.0168151
0.0162259
0.0266236
0.0129174
0.0124582
0.0095773
0.00836552
0.00862065
0.00692557
0.0100031
0.00846588
0.00668421
0.0643407
0.117721
0.0573906
0.0601959
0.0215501
0.0130873
0.0114015
0.0150565
0.0140116
0.00969678
0.0111762
0.010054
0.0153511
0.0118208
0.00999045
0.00967214
0.0108366
0.00670703
0.00801585
0.00694238
0.00669552
0.00767335
0.00692447
0.00979289
0.00804041
0.00837247
0.00476194
0.0101676
0.0125757
0.0107499
0.0110083
0.0109846
0.00957664
0.010414
0.00615748
0.00534583
0.00527818
0.00430003
0.00537513
0.00414873
0.00429381
0.0191193
0.00880885
0.00622691
0.00404473
0.00587598
0.00420011
0.00372401
0.00331651
0.00408173
0.00303477
0.00364268
0.00320769
0.00245973
0.0253839
0.291663
0.258722
0.12469
0.0311318
0.0512933
0.0352457
0.173576
0.173223
0.0644952
0.01733
0.0162227
0.00602303
0.00709409
0.0109282
0.00785092
0.00893818
0.00931369
0.00830963
0.00883407
0.00861703
0.0125118
0.00891175
0.0146489
0.00711774
0.0151973
0.00786553
0.0186668
0.0186101
0.0225719
0.0144854
0.0156422
0.0143894
0.0143566
0.0139053
0.0176509
0.0140131
0.016275
0.014168
0.0128282
0.0131724
0.0345308
0.0339662
0.0176692
0.0302012
0.012601
0.0188372
0.00912216
0.0134508
0.00947535
0.0130327
0.0121753
0.0120268
0.01154
0.0234187
0.10303
0.0794658
0.0903172
0.0303446
0.023986
0.0116161
0.012998
0.011551
0.0110016
0.010756
0.00480821
0.0140225
0.00848685
0.0142692
0.00876066
0.00366616
0.0107821
0.0142441
0.00491164
0.00674315
0.012756
0.0141708
0.00633118
0.00912809
0.0207568
0.0137561
0.0183088
0.334111
0.450913
0.331978
0.0226224
0.0445079
0.025287
0.134379
0.603011
0.031611
0.079428
0.0419167
0.0536863
0.0244124
0.0625815
0.145439
0.103474
0.0291009
0.0346501
0.0262665
0.0320467
0.0374287
0.0084737
0.00497336
0.00665355
0.00524371
0.00435461
0.00461889
0.243284
0.324944
0.239828
0.00981967
0.0310471
0.0622431
0.0452498
0.267686
0.159219
0.0517733
0.0373525
0.0388712
0.0291513
0.0273539
0.022742
0.0155739
0.0181387
0.0193931
0.0215273
0.0264334
0.0232224
0.0176087
0.0202059
0.0204926
0.0159238
0.0153025
0.0174795
0.0232606
0.0221066
0.0185086
0.01813
0.0201104
0.0179448
0.0101514
0.0113166
0.022377
0.0129731
0.00900976
0.0105024
0.0110749
0.0391195
0.0317965
0.0308967
0.0346432
0.0305864
0.0234034
0.0175639
0.0170841
0.0186072
0.0161341
0.0133644
0.0153235
0.0132703
0.0135228
0.0940038
0.0766132
0.0503131
0.038903
0.019673
0.013493
0.0154933
0.0125629
0.014599
0.01686
0.0142411
0.0129264
0.0117022
0.0146364
0.013619
0.00894395
0.0116809
0.00909847
0.00840861
0.00818653
0.00785618
0.01181
0.0122112
0.00905511
0.00879528
0.00887103
0.00975791
0.0196125
0.0154291
0.0137134
0.0116848
0.00826275
0.00721209
0.00630357
0.0049804
0.00420644
0.00530189
0.00379178
0.00328237
0.00374194
0.0118431
0.0182804
0.00947832
0.00763399
0.00652944
0.00628349
0.00662427
0.00690136
0.00597398
0.00870104
0.0113133
0.0110712
0.0116776
0.0119945
0.214029
0.209212
0.0457187
0.0163486
0.0182045
0.0121537
0.0165551
0.0125318
0.0127344
0.014418
0.00961497
0.0123643
0.00887089
0.00828835
0.0138648
0.0118844
0.0143092
0.00885014
0.012399
0.00873448
0.00866336
0.00857106
0.00552088
0.00668837
0.00580031
0.00608627
0.00606477
0.0141928
0.0175537
0.0195428
0.0173121
0.0138584
0.0135777
0.0119393
0.0132208
0.0106418
0.00841824
0.0097489
0.00980547
0.00903586
0.0158946
0.0349798
0.0242306
0.0167097
0.0167966
0.0177257
0.0162794
0.0126568
0.0140645
0.013186
0.0117782
0.0156381
0.0095948
0.00615828
0.0481923
0.0605021
0.0330469
0.0323413
0.0117178
0.00915461
0.00811682
0.00698926
0.00660036
0.00542802
0.00666068
0.00487149
0.00663681
0.00579012
0.00504678
0.00499202
0.00526938
0.00402174
0.00387033
0.00435383
0.00390724
0.00337894
0.00266676
0.00331482
0.00334668
0.00239823
0.00194947
0.00918124
0.00688044
0.00526853
0.00372814
0.00433602
0.00439181
0.00438849
0.00418758
0.00324292
0.00475356
0.00405862
0.00491538
0.00468278
0.00687834
0.0247081
0.00910161
0.00693263
0.00465441
0.00571594
0.00488608
0.00397747
0.0030181
0.00270725
0.00257254
0.00200895
0.00266971
0.00239783
0.0749518
0.198455
0.0913513
0.0237199
0.0117613
0.0103786
0.0158405
0.0104023
0.0130964
0.0115281
0.0100622
0.013209
0.0069169
0.0120999
0.0100574
0.013641
0.0118108
0.010195
0.0113414
0.00862647
0.0111408
0.00855256
0.00797016
0.010524
0.00669272
0.00857652
0.00812749
0.0128744
0.0140277
0.0145546
0.0140098
0.0135791
0.0119584
0.0097143
0.00879402
0.00722718
0.00735038
0.00606599
0.00651073
0.007797
0.0091476
0.034098
0.0206048
0.0209551
0.0273471
0.0207211
0.0187103
0.0133306
0.0118177
0.0111724
0.0100924
0.0118873
0.00881276
0.00975643
0.0351941
0.0583897
0.0423205
0.039342
0.0205066
0.0112242
0.00790409
0.0105974
0.00971393
0.00970999
0.0105669
0.00918185
0.0123899
0.00861154
0.00752676
0.0092102
0.00968807
0.00709724
0.00844039
0.00833874
0.00775912
0.00809329
0.00719486
0.0103728
0.00921519
0.010308
0.00851646
0.0134401
0.0246909
0.0153771
0.0163722
0.0138616
0.0108319
0.0116122
0.00892945
0.00701916
0.00612646
0.00552761
0.00622681
0.00425014
0.00430052
0.0266954
0.013495
0.0078074
0.00971852
0.00752538
0.00858372
0.00881712
0.00713059
0.00264835
0.00275194
0.00320198
0.00382849
0.00307157
0.0141061
0.0485734
0.0702019
0.0392039
0.0263278
0.00600529
0.0106218
0.0076477
0.00789507
0.00929999
0.00644751
0.0107158
0.00428278
0.010965
0.0189359
0.0200543
0.0166591
0.0162573
0.017329
0.0124364
0.0168798
0.0123235
0.0156377
0.013591
0.0140936
0.013477
0.0119191
0.0202502
0.0244554
0.0230021
0.0208288
0.0244788
0.0189088
0.0230583
0.0178264
0.0243533
0.0162526
0.022609
0.0188229
0.0210714
0.0163918
0.0396734
0.0366969
0.0189091
0.0229935
0.0132826
0.0214332
0.0110231
0.0150536
0.011296
0.0143477
0.00861964
0.0125686
0.00814389
0.018994
0.0794537
0.07799
0.0698781
0.0358726
0.0194975
0.00758851
0.0143197
0.00547595
0.00782003
0.00742164
0.00599786
0.00695476
0.00358559
0.0119913
0.00517254
0.0105869
0.00400827
0.00459138
0.00225614
0.00341182
0.00305258
0.0036085
0.00424478
0.00322757
0.00455174
0.00272561
0.00641342
0.00661285
0.00727747
0.00505797
0.00598109
0.00511414
0.00737925
0.00828185
0.00519797
0.00564149
0.00454928
0.00602512
0.00302497
0.00413503
0.00891469
0.112452
0.0629641
0.0227733
0.0109472
0.0105417
0.0102617
0.0177158
0.00799738
0.00576181
0.00506868
0.00516512
0.00363292
0.00512318
0.177037
0.225432
0.0314869
0.00997028
0.016429
0.0161585
0.0132624
0.0226265
0.0173876
0.0191142
0.0131224
0.0144795
0.0182878
0.0241778
0.0254655
0.0221066
0.018376
0.0163384
0.0183722
0.0185086
0.0183215
0.022981
0.0147711
0.0168409
0.0130714
0.0121688
0.011666
0.0215498
0.0208208
0.018862
0.0206602
0.0144945
0.0124577
0.0113604
0.0101721
0.0110494
0.00875175
0.00892487
0.00888082
0.00805996
0.0252477
0.0329721
0.02062
0.0181212
0.0202954
0.0240623
0.0178383
0.01677
0.0173004
0.0178468
0.0206888
0.0165286
0.01591
0.0114954
0.108318
0.0782842
0.0443388
0.0308154
0.0135861
0.0132793
0.0116501
0.0104943
0.012047
0.011294
0.0105714
0.0104239
0.0113402
0.0100338
0.010953
0.0097677
0.0113778
0.00656902
0.00672463
0.00795337
0.00740943
0.010098
0.00977059
0.0101785
0.0129098
0.0113599
0.00878789
0.0177643
0.0184795
0.0166794
0.0151922
0.0115231
0.00706635
0.0074665
0.00547277
0.00519206
0.0067956
0.00501791
0.00693026
0.00444212
0.0129443
0.0286553
0.0085434
0.00943043
0.00769424
0.00699489
0.00960014
0.00711385
0.00810873
0.00796042
0.00700045
0.0109955
0.0104669
0.0104137
0.156406
0.169076
0.0465962
0.0192012
0.0165328
0.0142919
0.0161095
0.0120512
0.0178223
0.0165208
0.0114924
0.0172536
0.00902953
0.0146208
0.0103454
0.0118757
0.0132896
0.00730873
0.0126272
0.00734493
0.00872689
0.0090544
0.00529497
0.00762569
0.00538157
0.00637806
0.00839081
0.0145744
0.0164175
0.0168503
0.0142347
0.0174926
0.0108222
0.00847606
0.0106771
0.00769338
0.00984755
0.00737418
0.00656396
0.00565997
0.00765901
0.0226529
0.0183128
0.0165567
0.01575
0.0151242
0.0133055
0.00939939
0.0114807
0.0138698
0.00934782
0.0128251
0.00908381
0.00727565
0.0415419
0.0761111
0.0440648
0.0400156
0.0391182
0.0144706
0.0145436
0.0109185
0.014846
0.0253623
0.0164364
0.0221867
0.0202157
0.031319
0.0259163
0.0419481
0.0321487
0.0276022
0.0363078
0.0280469
0.0259662
0.026224
0.0231937
0.0256266
0.0195101
0.0256408
0.0204508
0.0304008
0.0283609
0.0218225
0.0197747
0.0181214
0.0147347
0.0170467
0.0154986
0.0134859
0.0158659
0.0117327
0.0151145
0.012578
0.0137343
0.0377194
0.0202156
0.0191829
0.0155941
0.0173997
0.0194773
0.0130723
0.0151291
0.0156036
0.012444
0.0132988
0.0133959
0.0135524
0.0423593
0.187292
0.130693
0.0301455
0.0127175
0.0122348
0.0130285
0.0115751
0.0183402
0.0113436
0.0100883
0.0152033
0.00927167
0.0151228
0.0108806
0.0155697
0.0122552
0.013269
0.0143861
0.0104155
0.0131281
0.00943168
0.00971055
0.0103859
0.00883566
0.00974931
0.00938651
0.0136113
0.0144124
0.0148704
0.0136937
0.0151955
0.00996378
0.0109671
0.0102514
0.00804395
0.0103196
0.00877952
0.00982425
0.0101066
0.0086791
0.0393537
0.0224664
0.0187684
0.0263198
0.0203102
0.0168633
0.0119537
0.0107352
0.0101526
0.00813601
0.00873864
0.00629061
0.00887133
0.0256954
0.0584347
0.0395989
0.0409786
0.0157158
0.00871313
0.00663003
0.008735
0.00965311
0.00700066
0.00843714
0.00699398
0.0101566
0.00939785
0.00838269
0.00642962
0.00811378
0.00590479
0.00627929
0.00658809
0.0060278
0.00588129
0.00520455
0.00575415
0.00499307
0.00526411
0.00529575
0.00883419
0.0111079
0.00929499
0.00713753
0.00576655
0.00582715
0.00411048
0.00374123
0.00305191
0.0028922
0.00318768
0.0030332
0.00237931
0.00205398
0.0173
0.00849248
0.00460955
0.00365985
0.00347793
0.00300361
0.00261143
0.00251864
0.00399595
0.0039822
0.00393512
0.00301733
0.00264269
0.00756253
0.0106011
0.00818841
0.00718171
0.00528304
0.00698415
0.00595999
0.00620278
0.00482236
0.00507821
0.00460483
0.00416159
0.00362811
0.00384728
0.00663433
0.00641244
0.00503005
0.00592753
0.00491132
0.00420232
0.00421369
0.00531994
0.00555321
0.00609173
0.00560501
0.00562753
0.00548273
0.00580914
0.0062995
0.00642832
0.00696837
0.00608457
0.00587913
0.00445279
0.00486795
0.00338337
0.00379791
0.00441582
0.00518477
0.0041231
0.00329236
0.0183826
0.0158771
0.0109868
0.00767721
0.00669292
0.00540306
0.00486355
0.00392248
0.0048128
0.00363439
0.00438586
0.0041691
0.00366044
0.00726129
0.0718003
0.0725726
0.0494637
0.0292602
0.00887626
0.00649302
0.00548807
0.00599962
0.00468759
0.00443704
0.0035609
0.00419582
0.00304019
0.00532231
0.00364837
0.00309804
0.00323329
0.0023016
0.0019309
0.0014978
0.00279024
0.00256011
0.00315745
0.00263799
0.00341752
0.00246389
0.00376332
0.0103602
0.0102491
0.00908039
0.00903532
0.00915636
0.0100066
0.00608885
0.00636853
0.0101012
0.0094051
0.00427518
0.00372175
0.00116998
0.00483516
0.0079458
0.00678526
0.00628686
0.0143475
0.00838371
0.0363234
0.0309433
0.0842228
0.0912999
0.0641957
0.0183347
0.0214986
0.0152523
0.00237338
0.0137347
0.0227379
0.0504822
0.0609074
0.0414953
0.019587
0.0127751
0.0292247
0.0170771
0.0186091
0.010872
0.0135502
0.0119578
0.00854364
0.0108661
0.0133612
0.00773793
0.00867419
0.00417734
0.00580057
0.00452487
0.00433556
0.00465209
0.00563847
0.00318367
0.00370476
0.00522137
0.00843623
0.0066802
0.00471418
0.00363527
0.0025639
0.00267591
0.00210168
0.00211928
0.00212013
0.00186508
0.00163756
0.00161142
0.00356026
0.00644929
0.00507707
0.00503512
0.00494158
0.00384536
0.00362513
0.00320964
0.00202153
0.00136587
0.00118638
0.00178257
0.00240983
0.00223177
0.00303824
0.00348353
0.00310364
0.00337481
0.00295892
0.00189711
0.00149163
0.00247207
0.00240549
0.00245682
0.00333536
0.00416462
0.00319199
0.00264324
0.00543638
0.0114495
0.0115969
0.00658868
0.00277247
0.00164155
0.00267114
0.00267801
0.0024639
0.00234305
0.00235098
0.00230267
0.00249131
0.00418597
0.00399156
0.00461933
0.00436413
0.00351677
0.00324617
0.00284305
0.00230657
0.00221591
0.00319104
0.00344866
0.00376444
0.0055643
0.00308957
0.00177031
0.00132159
0.00123992
0.00131896
0.00154238
0.00150839
0.00105387
0.00093026
0.0013783
0.00214453
0.00298804
0.00353621
0.00236728
0.00381205
0.00204623
0.00118989
0.00140902
0.00165025
0.001888
0.00208878
0.00311863
0.00322506
0.00161924
0.000826516
0.00106664
0.00123936
0.00299824
0.00697815
0.0052358
0.00400536
0.00362986
0.00299896
0.00268213
0.00264378
0.00254677
0.00257742
0.00229713
0.00226541
0.00225761
0.00251212
0.00334871
0.00544135
0.0049028
0.0039735
0.00353989
0.0021638
0.00214149
0.00234105
0.00202026
0.00195931
0.00162234
0.00138953
0.00154102
0.00237687
0.00507295
0.00480311
0.00519115
0.00494851
0.00410612
0.00351216
0.00288266
0.00205645
0.00150194
0.00107756
0.00162182
0.00228758
0.00222952
0.00304123
0.0032938
0.00318165
0.00319583
0.00317563
0.00228175
0.00144143
0.00193619
0.0029138
0.00256899
0.00343557
0.00448941
0.00368752
0.00227472
0.00382059
0.00945012
0.0124811
0.00828042
0.00349288
0.00170071
0.00233406
0.00279095
0.00233784
0.00237467
0.00243358
0.00232412
0.00191824
0.00379869
0.00347409
0.00424878
0.00448311
0.00341683
0.00332821
0.00314525
0.00231677
0.00207954
0.00281923
0.00334988
0.0032521
0.00521196
0.00402192
0.00202027
0.00135474
0.00124381
0.00125135
0.00143355
0.0014587
0.000990457
0.000763342
0.00109151
0.00181776
0.00248488
0.00332364
0.00278868
0.00552775
0.00931931
0.00380645
0.00406642
0.00472926
0.00354102
0.00273469
0.00296978
0.00330403
0.00237739
0.00132017
0.00113895
0.00139239
0.00237583
0.00481752
0.00445602
0.00309328
0.00266004
0.00261016
0.00228329
0.00218287
0.00191141
0.00132983
0.00147069
0.00162889
0.00162088
0.00133434
0.00209144
0.00304789
0.00332998
0.00344907
0.00321806
0.00301565
0.00207609
0.00208026
0.00315474
0.00367384
0.00403386
0.00342592
0.00189613
0.00127018
0.00463001
0.00540006
0.00567466
0.00577467
0.00647068
0.00537773
0.00252107
0.00201355
0.00217977
0.0020107
0.00170848
0.00173024
0.00187869
0.00221456
0.00334844
0.00461098
0.00474074
0.00495366
0.00468141
0.00412813
0.00526014
0.00432367
0.00414383
0.00435996
0.0043069
0.00368908
0.00214762
0.00457323
0.0104627
0.0129296
0.00917634
0.00466319
0.00169495
0.00131826
0.00293762
0.0029465
0.00236884
0.00190995
0.00182998
0.00221746
0.00242098
0.00402773
0.00512498
0.0063599
0.00485043
0.00324545
0.00273674
0.00322818
0.00352905
0.00339223
0.00337404
0.00323184
0.00420182
0.00411558
0.00410364
0.00289871
0.00248603
0.0024592
0.00254025
0.00241671
0.00209656
0.00247487
0.00258285
0.00248411
0.00316572
0.00327313
0.00219806
0.0069006
0.00748043
0.00422177
0.00363002
0.00332409
0.00304963
0.00279382
0.00225896
0.00183058
0.00218664
0.00221905
0.00217776
0.00211452
0.001839
0.0040694
0.0029528
0.00197323
0.00212816
0.00258097
0.00218263
0.00224787
0.00254316
0.00194123
0.0021505
0.00237369
0.00211071
0.00216043
0.00232437
0.00626348
0.00743682
0.00679725
0.00535845
0.00477034
0.00437703
0.0029888
0.00175073
0.00171967
0.00169075
0.00201447
0.00233716
0.00272576
0.00446435
0.00510836
0.00472935
0.0040045
0.00336326
0.0028616
0.00234483
0.00201754
0.00173415
0.00145687
0.0021069
0.00237276
0.00279178
0.0029319
0.00436469
0.00441745
0.00493474
0.00543838
0.006238
0.00577055
0.0036147
0.00219013
0.00171086
0.00209175
0.00224428
0.00180783
0.00137402
0.0021802
0.00185861
0.00162571
0.00140146
0.00109919
0.00126089
0.00194034
0.00239493
0.00222422
0.0022751
0.00235332
0.00162406
0.00140184
0.00161149
0.00276326
0.00298862
0.00211988
0.00111004
0.00147816
0.00156504
0.00112217
0.000833622
0.000713554
0.000788797
0.000689723
0.000379404
0.000228341
0.00244179
0.00546078
0.00422533
0.00409041
0.00386669
0.00258918
0.00185532
0.0025708
0.00259135
0.00227037
0.00238121
0.00317933
0.00278118
0.00174672
0.00197647
0.00149225
0.0011485
0.00173087
0.00168337
0.00211582
0.00192501
0.00331775
0.00278186
0.00134107
0.000863161
0.00101259
0.00120869
0.00454156
0.00632719
0.00507386
0.00398938
0.00344543
0.00313517
0.00291074
0.00297994
0.00275127
0.00256189
0.00224548
0.00231212
0.00239578
0.00249879
0.00370219
0.00583076
0.00513071
0.00409466
0.00289852
0.00213804
0.00219013
0.00202829
0.00201709
0.00184516
0.00168815
0.00141231
0.0013894
0.00297655
0.00566496
0.00501604
0.00502509
0.00473214
0.00368792
0.00356719
0.0031026
0.00192367
0.00130299
0.00118046
0.00166155
0.00219471
0.00202634
0.00279598
0.00303627
0.00331334
0.00326125
0.00316108
0.00210435
0.00142652
0.00214194
0.00214734
0.0022509
0.00312089
0.00397723
0.00323581
0.00240842
0.00450682
0.010825
0.0126329
0.00731851
0.00318525
0.00177039
0.0026078
0.00301844
0.00240918
0.00219205
0.00230842
0.00219654
0.00209458
0.003757
0.00360128
0.00427695
0.00419035
0.0034308
0.00345574
0.00278474
0.00214865
0.00207949
0.00290276
0.0033599
0.00355615
0.00552409
0.00350714
0.00158545
0.00128997
0.00112207
0.00110042
0.00139899
0.00139089
0.000978456
0.000873193
0.00127825
0.00209407
0.00268295
0.00331822
0.00219582
0.00325408
0.00232006
0.00108577
0.00131904
0.0015533
0.00194499
0.00203729
0.00292101
0.00331186
0.00164517
0.000872283
0.00096456
0.00114032
0.00243596
0.00659074
0.00512337
0.00412199
0.00337953
0.00277713
0.00266944
0.00278806
0.0028071
0.00247421
0.00225
0.00215577
0.0022143
0.00229678
0.00325408
0.00521214
0.00474395
0.00394333
0.00337815
0.00225513
0.00202121
0.00234422
0.00208126
0.00193718
0.00159289
0.00147226
0.00148571
0.00193735
0.00477238
0.00484229
0.00501141
0.00499284
0.00409767
0.00330704
0.00277711
0.00212073
0.00144233
0.00120371
0.00166204
0.00221863
0.00213228
0.00282987
0.00315002
0.00306926
0.00316142
0.00323218
0.00230689
0.00142684
0.00194724
0.00276411
0.00231143
0.00320798
0.0044561
0.00360976
0.00217016
0.00364346
0.00888426
0.012607
0.00994904
0.00452237
0.00189162
0.00227169
0.00269574
0.00258557
0.00233277
0.00234849
0.00235316
0.00203147
0.00386103
0.00379235
0.00393391
0.00429338
0.00352533
0.00333552
0.003174
0.00220919
0.0020308
0.00269738
0.00342749
0.00348898
0.00502523
0.00414576
0.0020217
0.00131701
0.00118276
0.00113351
0.00130861
0.00144284
0.00108765
0.000746592
0.00109709
0.00162836
0.00231174
0.00330296
0.00259263
0.00417081
0.00964146
0.0038553
0.0037559
0.00450496
0.00356908
0.00264627
0.00277993
0.00331888
0.002552
0.00139158
0.00104709
0.00128932
0.00227425
0.00470233
0.00438724
0.00323268
0.00260587
0.00256718
0.0025028
0.0021636
0.00189716
0.00136917
0.00145898
0.00171392
0.0016821
0.00138563
0.00180925
0.00318545
0.0036911
0.00383322
0.0030916
0.00287925
0.00219246
0.00204088
0.00278533
0.00357338
0.00423947
0.00365841
0.00194554
0.0011152
0.00431256
0.00528326
0.0058936
0.00581082
0.00597114
0.00519295
0.00267097
0.00216081
0.0025076
0.00221206
0.00165259
0.00168593
0.00173183
0.00208742
0.00339465
0.00469685
0.00537806
0.00526022
0.00497449
0.00427684
0.00461577
0.00422017
0.00377391
0.00381872
0.00427068
0.00427881
0.00251838
0.00413118
0.00950281
0.012728
0.00916393
0.00464886
0.00170427
0.00116996
0.00267059
0.00300801
0.00240537
0.00164184
0.00196186
0.00241801
0.00221189
0.00375856
0.00475097
0.00576396
0.00472206
0.00305983
0.00267178
0.0031579
0.00343685
0.00323856
0.0034754
0.0032869
0.00418249
0.00429624
0.00382409
0.00288097
0.00227469
0.00224404
0.00231997
0.00228608
0.00211516
0.00253629
0.00262205
0.00248381
0.00301002
0.00309054
0.00214814
0.00530836
0.00766286
0.00419217
0.00366342
0.0030738
0.00290646
0.00276864
0.00229653
0.00182077
0.00219968
0.00210426
0.00207957
0.00206821
0.00159096
0.00499305
0.000624556
-1.40389e-005
8.94021e-005
4.66848e-005
9.41998e-005
0.000171159
0.000233585
0.000189061
0.000140741
0.000153388
0.000175403
0.00017451
0.0001443
0.000117014
3.79578e-005
2.94001e-005
2.10229e-005
2.81451e-005
3.26721e-005
0.000312531
0.000121123
3.9797e-005
8.88429e-005
0.000165778
0.00029235
0.000337789
0.000309417
0.000154784
5.54957e-005
9.51187e-006
5.30793e-006
2.81732e-006
1.48253e-005
1.53606e-005
4.33026e-005
7.52147e-005
5.69708e-005
4.60249e-005
8.10268e-005
0.000970339
0.00291839
4.31273e-005
5.45329e-005
3.08025e-005
6.08258e-005
3.49896e-005
4.86004e-005
2.70736e-005
2.60767e-005
2.73177e-005
2.09925e-005
1.77734e-005
1.54397e-005
3.04852e-005
1.40673e-005
7.55597e-006
3.27063e-005
2.29705e-006
1.61178e-005
1.50679e-005
1.57063e-006
8.26559e-006
6.43715e-006
2.48818e-006
6.92254e-007
2.35593e-006
2.56583e-006
3.5556e-006
1.5247e-007
4.63095e-007
2.85345e-006
1.70546e-006
6.63254e-008
2.93181e-007
2.95922e-007
2.55976e-007
3.5985e-007
2.37488e-007
9.03323e-008
2.07945e-008
3.53296e-008
3.6031e-008
2.78129e-008
1.17805e-008
5.68146e-010
9.6406e-010
1.25352e-010
-2.56643e-011
1.8974e-012
5.25806e-014
-2.92253e-014
3.22119e-015
-7.94546e-017
5.79505e-006
0.168228
0.457609
0.478185
0.0617992
0.0294743
0.107047
0.0553317
0.257107
0.16692
0.0277647
0.0242094
0.0264067
0.0151228
0.0197747
0.0151008
0.0144073
0.0177879
0.0109693
0.016072
0.0125058
0.0134138
0.0117979
0.00849114
0.00970125
0.00969341
0.00905849
0.00850082
0.0122889
0.0143615
0.0159544
0.0149024
0.01503
0.0147319
0.0108969
0.0109158
0.0110846
0.0112854
0.0144046
0.0118086
0.0104419
0.0169999
0.0349882
0.0276069
0.0233362
0.0282257
0.0144498
0.0138565
0.0155278
0.0135181
0.0172414
0.0150509
0.0196828
0.0163014
0.018205
0.0949544
0.0993032
0.0572211
0.0591572
0.0340329
0.0191609
0.0126717
0.0117199
0.0155491
0.0117397
0.00883318
0.00895834
0.0110818
0.00870832
0.0124403
0.0178476
0.0164828
0.0123753
0.00937865
0.00936886
0.00924192
0.0103928
0.0111508
0.0109098
0.00832692
0.00761645
0.00699394
0.0126268
0.0122642
0.0123619
0.0149302
0.00973189
0.00771951
0.00690528
0.00380072
0.00665791
0.00480404
0.00634318
0.00633366
0.00814432
0.0123309
0.0239809
0.013027
0.00693123
0.00623579
0.00841695
0.00835946
0.0102232
0.00679874
0.00760449
0.00975342
0.00858323
0.0101341
0.00908936
0.0635862
0.392347
0.420935
0.105838
0.00485482
0.0728642
0.024988
0.145229
0.248613
0.0275126
0.0224838
0.0156924
0.0111205
0.0174717
0.0126853
0.016422
0.0139627
0.00963686
0.0121437
0.00981376
0.011357
0.0107608
0.00746896
0.00695737
0.00592749
0.00658814
0.00847484
0.0113337
0.0197645
0.0199666
0.0189892
0.0196434
0.0127767
0.0131607
0.014915
0.013626
0.0156933
0.0123254
0.013463
0.0137136
0.00733431
0.0319388
0.0216615
0.0198076
0.0175924
0.0166951
0.0181486
0.0110757
0.0138085
0.0140786
0.0111158
0.0139425
0.0102383
0.0116198
0.0477555
0.106974
0.0647826
0.0771042
0.0330452
0.0158762
0.0121542
0.0126292
0.0134295
0.00969672
0.0101976
0.00792951
0.00994886
0.00699151
0.00790648
0.00958291
0.0124054
0.0074952
0.00508161
0.0043353
0.00527594
0.00515787
0.00338481
0.00406988
0.00342913
0.00376482
0.00472175
0.00806458
0.00787619
0.00551484
0.00485441
0.00381818
0.00311936
0.003491
0.00373894
0.00331682
0.00371839
0.00381399
0.00408754
0.00461655
0.0049168
0.0295732
0.0160526
0.0091444
0.00772074
0.0070277
0.0063683
0.00614131
0.00491309
0.00504816
0.00455119
0.00676604
0.0078239
0.00588804
0.019094
0.322391
0.236401
0.209701
0.00418883
0.0329205
0.0220663
0.0996189
0.428554
0.0898361
0.0377256
0.0174261
0.0150587
0.0162155
0.0151132
0.0188712
0.0192991
0.023063
0.0162835
0.0185907
0.0206644
0.0114878
0.0135979
0.0121978
0.0115511
0.0145585
0.0111829
0.0142002
0.0204904
0.0155591
0.0148558
0.013621
0.0120053
0.015343
0.0101701
0.0131936
0.0136763
0.0115245
0.0144196
0.0107303
0.0118072
0.0345308
0.0228601
0.0248274
0.0297339
0.0274799
0.0215359
0.015226
0.0175146
0.013748
0.0130317
0.0155987
0.0119142
0.0158153
0.0285566
0.121574
0.0688736
0.0505769
0.0429957
0.0244545
0.0149743
0.019163
0.0149009
0.0129047
0.00975104
0.0128996
0.0181206
0.0156066
0.0111261
0.00798833
0.0101742
0.0107097
0.0063449
0.00678328
0.00915046
0.00774859
0.00891062
0.0109254
0.00905819
0.011812
0.00937155
0.010393
0.0182601
0.0119841
0.0164144
0.012593
0.0116002
0.00882204
0.00811182
0.00654955
0.0055454
0.00854394
0.00652475
0.0050037
0.0042269
0.0178407
0.021235
0.00846365
0.00660135
0.00771584
0.0068321
0.00703175
0.00479179
0.00332772
0.00328668
0.00468272
0.00483386
0.00443547
0.00582853
0.195341
0.138841
0.28395
0.0837837
0.0449435
0.0396492
0.146964
0.273394
0.0936141
0.0333072
0.0185172
0.0140991
0.00906114
0.0126009
0.0135703
0.0163026
0.0160048
0.0178906
0.0117543
0.0185003
0.0169728
0.0266571
0.0229372
0.0280033
0.0195102
0.0229874
0.0194867
0.0359755
0.0335034
0.0361842
0.0247606
0.024364
0.0228412
0.0188558
0.0234733
0.0158256
0.0248984
0.0164551
0.026596
0.0149267
0.0365115
0.0352463
0.0249789
0.0233374
0.0229867
0.0172932
0.0140077
0.0153408
0.0115583
0.0147551
0.0088471
0.016938
0.00993055
0.0152505
0.0957562
0.170039
0.104379
0.0792064
0.0482474
0.022751
0.0321664
0.0119472
0.0187293
0.0102098
0.0205379
0.00799597
0.011754
0.010624
0.00954669
0.00626227
0.00609476
0.00672464
0.00511769
0.00784664
0.00410338
0.00748983
0.00555153
0.00872893
0.00535264
0.00596361
0.00675621
0.103099
0.390021
0.373489
0.174555
0.0968965
0.223956
0.0878615
0.399361
0.199337
-0.00718849
0.00584168
0.00371629
0.00339946
0.00568055
0.104099
0.0727567
0.0293933
0.0107258
0.0147694
0.00917572
0.0198799
0.0115269
0.00549092
0.00387409
0.00505302
0.00509711
0.00397108
0.10551
0.495214
0.547729
0.0630947
0.0216563
0.0711795
0.0396958
0.205714
0.223125
0.0512792
0.0289754
0.0282642
0.0155982
0.0165061
0.0150088
0.0190312
0.0161867
0.0130081
0.01309
0.0154003
0.014578
0.0102002
0.0146656
0.0142834
0.0110941
0.0101185
0.00852193
0.0181775
0.0202747
0.0161015
0.00991856
0.00910698
0.0111821
0.0080723
0.0103924
0.0119113
0.0128392
0.0123044
0.00904384
0.0104047
0.0152019
0.032339
0.0205985
0.0275958
0.0354543
0.0251214
0.0213975
0.0153925
0.0120167
0.0148826
0.014059
0.015631
0.0136011
0.0163839
0.0868014
0.108173
0.0607772
0.0651649
0.033375
0.020669
0.0183277
0.0153595
0.0147429
0.00952956
0.00981802
0.00855088
0.0113259
0.010618
0.0109173
0.0195599
0.0238883
0.0179529
0.0108416
0.00947758
0.0099018
0.010206
0.00773959
0.00776533
0.00791363
0.00835488
0.00704829
0.0148317
0.0177344
0.0117844
0.0134289
0.0118578
0.0084868
0.00833566
0.00490611
0.00812156
0.00835271
0.0091709
0.00873862
0.00455417
0.00914268
0.0273097
0.0158651
0.0125835
0.00859906
0.0122917
0.0101331
0.0087856
0.00888071
0.00800863
0.00836499
0.00788208
0.00945287
0.00884494
0.0461459
0.506636
0.540378
0.153428
0.0127317
0.0676452
0.034102
0.154832
0.403897
0.0939676
0.0310413
0.0200125
0.0105413
0.0144057
0.00925617
0.0129616
0.0129479
0.0120073
0.0124904
0.0074851
0.0101062
0.00661432
0.00561805
0.00467907
0.00335269
0.00579875
0.00599782
0.0105127
0.0166442
0.0158089
0.0186154
0.0180226
0.0131609
0.0105679
0.00963955
0.00986606
0.0103518
0.0105263
0.0108088
0.00892805
0.00753605
0.0356759
0.0278881
0.0244654
0.0179568
0.0162555
0.0211796
0.0126639
0.0134296
0.0134237
0.0101859
0.0122574
0.010463
0.0100808
0.0305769
0.11915
0.0700479
0.0729187
0.0334615
0.0167638
0.0108744
0.0115416
0.0117471
0.00861425
0.00822287
0.00666481
0.0120821
0.00915223
0.0082646
0.0103255
0.0121115
0.00806498
0.00482653
0.00433772
0.00460718
0.00463897
0.00358353
0.00434263
0.00432497
0.00541159
0.00616406
0.00879436
0.00945633
0.00679874
0.00897299
0.00653897
0.00542871
0.00505765
0.00588779
0.00810668
0.00649517
0.00679622
0.00843708
0.0074593
0.00620904
0.0297366
0.0241725
0.0117458
0.00924322
0.0101011
0.00860858
0.0074016
0.00654834
0.00707649
0.00617008
0.00847421
0.00899465
0.00782102
0.0120726
0.372568
0.33401
0.312894
0.0320991
0.0467869
0.0461256
0.0603926
0.411066
0.167005
0.0249424
0.0123357
0.010015
0.0132846
0.0156944
0.0136202
0.0131023
0.0189204
0.0122537
0.0143003
0.0167563
0.0113477
0.0139887
0.0105243
0.0123807
0.0135903
0.0103868
0.0130007
0.0222215
0.0272047
0.0219051
0.0197004
0.0144567
0.0140178
0.00880949
0.00946525
0.0122366
0.0105836
0.0116114
0.0108262
0.00748681
0.0314189
0.0308259
0.0314664
0.0288555
0.0211723
0.0198894
0.0141772
0.0172521
0.0139871
0.0174665
0.0162853
0.0170417
0.0180652
0.022176
0.124263
0.0841255
0.0513517
0.0461848
0.0239114
0.0127312
0.0103212
0.00820995
0.00876674
0.00762717
0.00738602
0.00899842
0.00883849
0.00835043
0.00541219
0.00308574
0.00371104
0.00338018
0.00399889
0.00497832
0.00544931
0.00803587
0.00827106
0.00944387
0.00983894
0.00964469
0.0107793
0.0164201
0.0180065
0.0210838
0.0155779
0.0156283
0.0117191
0.00900648
0.0108368
0.00936338
0.0167328
0.0121549
0.00953547
0.00881189
0.0192009
0.0278131
0.0114007
0.00999915
0.0117918
0.00786979
0.0101914
0.00734041
0.00347348
0.00368457
0.00394933
0.00424675
0.00445454
0.00348507
0.16636
0.206639
0.32151
0.0350018
0.0286598
0.0309478
0.102836
0.164248
0.0828726
0.045611
0.0160158
0.0144645
0.00713967
0.0123224
0.0151196
0.0125104
0.0148556
0.015891
0.0121248
0.0178661
0.0178418
0.0264566
0.0194459
0.0228701
0.0172016
0.0244366
0.0191279
0.0302381
0.040314
0.0299192
0.0236667
0.0205622
0.0209033
0.016272
0.0230466
0.0159366
0.0240357
0.0177951
0.0245067
0.0172292
0.029902
0.0483294
0.0341626
0.0222979
0.023166
0.0281233
0.0174377
0.0176918
0.0144166
0.0160869
0.0112056
0.0154302
0.0109374
0.0145367
0.0842728
0.161331
0.11214
0.0473656
0.0339536
0.0212618
0.020025
0.0153862
0.0147055
0.0178526
0.012683
0.0104378
0.0146131
0.00933042
0.00722334
0.00395891
0.00855717
0.0108974
0.0086468
0.00511577
0.0105145
0.0147027
0.0125484
0.00992249
0.0150538
0.0148995
0.0182082
0.0882496
0.613975
0.588839
0.0905471
0.016685
0.0361025
0.0289743
0.352967
0.147188
0.0391274
0.0541203
0.0601557
0.0322123
0.0423862
0.106181
0.136125
0.0552485
0.0315848
0.0341341
0.0236709
0.0529799
0.0174995
0.00437474
0.00414681
0.00462852
0.00432208
0.00395231
0.0968066
0.494916
0.425447
0.0815558
0.0245819
0.0874239
0.0479972
0.19713
0.209662
0.0528062
0.0298654
0.0267083
0.0133641
0.0193496
0.0162844
0.019693
0.0128699
0.0110605
0.0110924
0.00939965
0.0118594
0.00980001
0.0108705
0.00956826
0.00600388
0.00722039
0.00729802
0.0131551
0.0158282
0.0146468
0.015495
0.011156
0.0111427
0.00846302
0.0092947
0.0114676
0.0116198
0.0117928
0.00971887
0.011562
0.0181352
0.0465525
0.0260339
0.0197211
0.0308196
0.0195649
0.0181684
0.0169253
0.0135906
0.0148364
0.0155026
0.0145562
0.0139791
0.013074
0.0757588
0.104261
0.0651677
0.0754326
0.0283925
0.0180961
0.0152835
0.0138147
0.0101689
0.00888342
0.00806041
0.00705933
0.00944882
0.00554397
0.00448558
0.00235229
0.00214367
0.00170461
0.00225995
0.00457492
0.00363957
0.00625145
0.00721002
0.00966372
0.00881047
0.00831729
0.00821111
0.0128594
0.0193947
0.013202
0.0148392
0.011411
0.00998332
0.00958942
0.00533286
0.00539297
0.00352891
0.002834
0.00374875
0.003791
0.00497045
0.0321793
0.0167686
0.00733471
0.00834586
0.00459423
0.0050301
0.00571963
0.00600557
0.00831797
0.0079156
0.0099232
0.0125469
0.0114889
0.0361263
0.452463
0.396105
0.208735
0.0188454
0.0859558
0.0399707
0.141848
0.44691
0.0914419
0.0369772
0.018693
0.0118437
0.0266105
0.0128291
0.0160705
0.0177294
0.0155278
0.0194879
0.0123958
0.0158373
0.0128222
0.0113578
0.0101542
0.00739804
0.0111371
0.00963939
0.0135435
0.0299768
0.0260056
0.0331783
0.0290015
0.0183912
0.0174842
0.011581
0.0126912
0.0154118
0.0121957
0.0130327
0.0106948
0.010688
0.037945
0.0264198
0.0249664
0.0216862
0.0225592
0.0242776
0.0124487
0.0142197
0.0162048
0.0133736
0.0155022
0.0157339
0.0166566
0.0389552
0.138219
0.0840672
0.0717544
0.0367424
0.0193976
0.016193
0.0169592
0.0138689
0.0138406
0.0111791
0.00966053
0.0143559
0.0112085
0.0127446
0.0125837
0.0149421
0.0118702
0.00656811
0.0064502
0.00738216
0.00558006
0.0059525
0.00549867
0.00551817
0.00706294
0.006545
0.0112749
0.0133653
0.00887942
0.00962363
0.00641599
0.00536265
0.00678332
0.00609733
0.0068843
0.00582675
0.00494653
0.00775483
0.00584799
0.00631098
0.0284983
0.0228942
0.0126923
0.00888927
0.0116398
0.0114796
0.0098809
0.00939621
0.00723124
0.00824853
0.0083872
0.00742936
0.0076659
0.0102063
0.354675
0.282944
0.290311
0.028778
0.0398726
0.047901
0.0327804
0.40906
0.178279
0.0317804
0.0201109
0.0170844
0.013862
0.0175725
0.0191701
0.0142497
0.0211135
0.0100298
0.0133869
0.0138631
0.0110046
0.0142832
0.00779239
0.00987942
0.0115438
0.00714279
0.0117998
0.0190858
0.0156068
0.0142931
0.00973291
0.00855815
0.0121281
0.00711174
0.0102612
0.00931723
0.00979433
0.013804
0.00865654
0.00988689
0.0275322
0.0217738
0.0209672
0.0229941
0.023876
0.0173216
0.0158203
0.0189359
0.0110632
0.0157879
0.0130943
0.0107324
0.0124126
0.011362
0.1176
0.0836189
0.0801354
0.0528783
0.0164976
0.0129324
0.0124172
0.00848772
0.0101922
0.00810147
0.00742962
0.0109636
0.00793055
0.00736833
0.00510493
0.00233837
0.00393312
0.00203541
0.00383286
0.00618257
0.00393023
0.0063077
0.00765422
0.00676063
0.00885758
0.00861749
0.0092312
0.0165147
0.0133955
0.0164764
0.0145127
0.0122555
0.00773548
0.00656623
0.00590089
0.00359346
0.00506624
0.00473824
0.00338558
0.00263067
0.0148181
0.0239487
0.0124822
0.00825692
0.00706926
0.00700631
0.0052249
0.00843354
0.00686633
0.0058314
0.00531141
0.00573337
0.00496591
0.00417464
0.0925764
0.154785
0.328111
0.0398249
0.0280127
0.0386482
0.0983857
0.199392
0.114608
0.0566909
0.0145251
0.019303
0.00756992
0.0149218
0.0143829
0.0165981
0.0203697
0.0226403
0.0179002
0.0200587
0.0209998
0.0240171
0.0201161
0.021083
0.0223888
0.0273966
0.0248121
0.0367876
0.0330161
0.0296248
0.0193454
0.0215147
0.0161731
0.018299
0.019456
0.0161176
0.0179408
0.0169102
0.0257984
0.0151984
0.0309251
0.035736
0.0351228
0.0204889
0.0271488
0.0149644
0.018035
0.0142129
0.0125062
0.0127814
0.00821588
0.0131996
0.00820065
0.0123482
0.0698507
0.13528
0.11453
0.0879489
0.0293144
0.0162006
0.0236886
0.0117036
0.0120337
0.00885238
0.0180073
0.00712179
0.0116917
0.0084542
0.0115654
0.00553598
0.00573536
0.00556854
0.00457877
0.00657274
0.0044874
0.00795404
0.00498109
0.0082354
0.00454347
0.00613661
0.00518172
0.0470939
0.337174
0.366267
0.140529
0.10877
0.210353
0.0656331
0.352664
0.314322
0.00745553
0.00796106
0.00864185
0.0040899
0.00513175
0.0936106
0.0921073
0.0434589
0.0117267
0.0143937
0.0109893
0.0133206
0.0135843
0.0057348
0.00422527
0.00436885
0.00383776
0.00284214
0.0645645
0.559283
0.504032
0.0953457
0.0120215
0.0756133
0.041055
0.20497
0.250519
0.0514933
0.0303291
0.0251403
0.0156668
0.0241699
0.0185865
0.0215452
0.0237552
0.0205522
0.015232
0.0163684
0.0191864
0.0149446
0.0190362
0.013728
0.0118973
0.00938632
0.00882441
0.0191416
0.018294
0.022219
0.0174404
0.0159418
0.016826
0.0119119
0.0165189
0.0139333
0.0164034
0.0134983
0.0104194
0.0142013
0.0116051
0.0353297
0.0225067
0.0214674
0.0334634
0.0194682
0.0241483
0.0238755
0.021063
0.0232861
0.0197595
0.0243432
0.0160356
0.0191411
0.0643957
0.070817
0.0456251
0.0661053
0.0354538
0.0235031
0.0210909
0.0206246
0.0177835
0.0109161
0.00938511
0.00898406
0.0139949
0.00615868
0.00864264
0.00851741
0.00495727
0.00390001
0.00383284
0.00597347
0.00687388
0.00892593
0.0104118
0.0105606
0.0104588
0.0140641
0.0110892
0.0127333
0.0223168
0.0164868
0.0201156
0.0144369
0.0120688
0.0142863
0.00663803
0.0060208
0.00496786
0.00480122
0.00519662
0.00340408
0.00453252
0.0285597
0.0170123
0.0100835
0.00913479
0.00919918
0.00993115
0.0100207
0.00962191
0.00980555
0.0084301
0.0136704
0.0142991
0.0138554
0.0319619
0.451955
0.400764
0.243276
0.0184379
0.055104
0.0476874
0.0842546
0.382794
0.143792
0.0470484
0.0215859
0.0147764
0.0213074
0.01162
0.0135457
0.0149751
0.0167012
0.0138278
0.0119878
0.0152717
0.00839531
0.00918533
0.00882029
0.0064014
0.00875881
0.006603
0.0126665
0.0244795
0.0242324
0.0226604
0.0194653
0.0158613
0.0141742
0.0107055
0.0115795
0.0147543
0.0129522
0.0122782
0.010104
0.00797057
0.0282733
0.0311677
0.0254899
0.0191919
0.0203985
0.0157449
0.00980756
0.0123247
0.0130229
0.0148572
0.0114928
0.0116048
0.0139115
0.0230229
0.131279
0.0712663
0.0564594
0.0362104
0.0156485
0.0137354
0.0125852
0.0101609
0.010883
0.00779924
0.00686228
0.0119262
0.00926262
0.00844672
0.00704725
0.0101755
0.00732698
0.00346205
0.00304139
0.00339972
0.00317432
0.00329902
0.00320413
0.00285906
0.00357961
0.00440159
0.00587671
0.00758192
0.00542616
0.00665134
0.00524604
0.00364381
0.00343271
0.00360661
0.00573254
0.00439575
0.0050638
0.0058861
0.00500048
0.0054729
0.0225768
0.0235119
0.00837246
0.00708029
0.00772199
0.00787961
0.00662077
0.00449519
0.00445346
0.00436565
0.00439167
0.0053709
0.0049065
0.00889674
0.289981
0.307387
0.328691
0.033808
0.037879
0.0598411
0.0523699
0.382291
0.213378
0.0148179
0.0121254
0.0113331
0.00906421
0.0173089
0.0178766
0.0156372
0.0219452
0.011599
0.0151327
0.0168504
0.0131886
0.0141157
0.00904918
0.0086784
0.00880939
0.00694537
0.00934264
0.0189337
0.023018
0.0229861
0.0186352
0.0155548
0.0149952
0.0109368
0.0107314
0.0115826
0.0105124
0.0133092
0.0110925
0.0112024
0.0270017
0.0304862
0.032114
0.0297866
0.0297182
0.0206586
0.0172737
0.021789
0.0123589
0.0184539
0.0200597
0.0167066
0.0215966
0.0158197
0.11028
0.0743544
0.0491989
0.0657916
0.024191
0.0194951
0.0148738
0.0117002
0.0161697
0.0119765
0.0115417
0.0127761
0.0105002
0.00910851
0.00668746
0.00278371
0.00545295
0.00362528
0.00591373
0.00991625
0.00669643
0.0100231
0.00931419
0.00838848
0.00901756
0.00739195
0.00920942
0.0178144
0.0151378
0.0171353
0.0151036
0.0148114
0.0111877
0.0109611
0.00706172
0.0056361
0.00913566
0.00714083
0.00560095
0.00449309
0.0130606
0.031238
0.0133321
0.00946193
0.0101067
0.00871687
0.00955966
0.00832866
0.00545526
0.00503665
0.00518585
0.0060279
0.00518675
0.00464663
0.112065
0.171333
0.387909
0.047824
0.0263354
0.0613184
0.095699
0.170298
0.0917572
0.0732431
0.0176454
0.0177704
0.0113645
0.0129369
0.0185147
0.0191998
0.021399
0.0184649
0.0157542
0.020475
0.0191896
0.0268214
0.017626
0.0239326
0.0192017
0.0304111
0.0253754
0.0434964
0.0359315
0.0352254
0.028949
0.032055
0.0200162
0.0187871
0.0241347
0.0191315
0.0179253
0.0126284
0.0232452
0.0133484
0.0233906
0.031539
0.0305168
0.0131288
0.0177126
0.0120662
0.013808
0.012709
0.0140381
0.0132154
0.00835386
0.0116188
0.00862271
0.0123596
0.0553053
0.123299
0.0926975
0.049462
0.042337
0.0323696
0.0322421
0.024892
0.00992979
0.00691322
0.00908256
0.00839514
0.00774511
0.00366625
0.00401317
0.00331461
0.00286644
0.00283807
0.00216701
0.00234041
0.00261253
0.00328556
0.00250154
0.00279005
0.00237652
0.00251669
0.00189142
0.00520378
0.00735222
0.00734591
0.00555073
0.00378784
0.00299505
0.00186489
0.00153648
0.00139933
0.00153971
0.00131847
0.00134097
0.00149976
0.00185173
0.0092579
0.0090162
0.00873307
0.00718901
0.0058136
0.00507372
0.00611877
0.00556247
0.00582429
0.00472974
0.00486009
0.0048232
0.00338248
0.0195211
0.537496
0.363514
0.109202
0.0499778
0.101503
0.07379
0.206153
0.162401
0.0807894
0.0185828
0.0112806
0.00764921
0.00496767
0.00848791
0.0133798
0.0138558
0.0107331
0.0114191
0.0122203
0.0113196
0.0108946
0.010532
0.0100498
0.00911415
0.00691518
0.00699024
0.0107787
0.0138498
0.0150662
0.0111373
0.0123143
0.0135563
0.00941646
0.00932101
0.0102638
0.008513
0.00908188
0.00898688
0.00850686
0.00895234
0.0325512
0.0285689
0.0166245
0.0130028
0.0142614
0.0121862
0.00909552
0.00856967
0.0110745
0.0116831
0.011032
0.00919548
0.00704803
0.0321705
0.0993059
0.0457466
0.0507828
0.0288366
0.0115429
0.0103155
0.00823595
0.00816581
0.00792831
0.00706515
0.00669204
0.00573958
0.00415125
0.00573826
0.00632559
0.00582141
0.00623648
0.00490339
0.00333352
0.00379499
0.00522786
0.00498254
0.00451488
0.00503955
0.00507898
0.00436852
0.00397741
0.00730974
0.0052573
0.00415913
0.00383663
0.00349306
0.00392131
0.00328228
0.00310584
0.00372455
0.00334591
0.00311479
0.00230247
0.00184327
0.0188659
0.0105775
0.00466848
0.00409956
0.00391527
0.00338623
0.00369957
0.00391666
0.0038848
0.00376876
0.00457898
0.00383742
0.00386748
0.00506206
0.318246
0.331545
0.180784
0.0380763
0.0617223
0.0676618
0.160425
0.189861
0.0704402
0.0149791
0.0071108
0.00384655
0.00279521
0.00814818
0.0142455
0.0113377
0.0103366
0.0112549
0.0116689
0.0109015
0.00818061
0.00754097
0.00702926
0.00626408
0.00623856
0.00650896
0.00810012
0.0150635
0.0165953
0.0164643
0.0152566
0.0116197
0.0080102
0.00679862
0.00782139
0.00837568
0.00815267
0.00812056
0.00705619
0.00503485
0.019722
0.0272592
0.0137699
0.0105599
0.0139077
0.0131556
0.0108564
0.0106151
0.0109075
0.0101754
0.00830976
0.00699427
0.00615481
0.00905918
0.0604898
0.0462435
0.0393731
0.0259181
0.0077806
0.0058715
0.00625318
0.00686124
0.00610876
0.00476568
0.00404134
0.00485526
0.00379144
0.00473139
0.00317456
0.00298428
0.00263883
0.00251312
0.00195807
0.00149922
0.00152396
0.00158712
0.0013088
0.00115549
0.0011835
0.00114515
0.00140835
0.00356199
0.00226295
0.00190129
0.00187544
0.00151795
0.00107162
0.00210592
0.00210475
0.00134962
0.0028339
0.00152282
0.00218114
0.00182536
0.0122171
0.0151529
0.00704595
0.00525586
0.00441313
0.00360767
0.00377565
0.00324002
0.00226698
0.00187768
0.00162528
0.00132827
0.00091843
0.00158495
0.136534
0.271937
0.263505
0.0687765
0.0479255
0.133686
0.110604
0.211001
0.199317
0.0264476
0.0114174
0.00533399
0.00547629
0.0083516
0.00713841
0.00706609
0.00618949
0.00555441
0.00607175
0.00570283
0.00626477
0.00785727
0.00607208
0.00629054
0.00665656
0.00702128
0.00775534
0.0114842
0.0144421
0.0107306
0.0105782
0.00806611
0.0062993
0.00725299
0.00927854
0.00760118
0.00830661
0.00940743
0.00926588
0.00908443
0.0183657
0.0285218
0.0198151
0.0168742
0.0135587
0.0149006
0.0131229
0.01338
0.0158421
0.0145191
0.0124068
0.0105918
0.00812601
0.00726596
0.05541
0.0558142
0.0443284
0.0373034
0.0172661
0.00850701
0.00780528
0.00733701
0.00707059
0.00740152
0.00708239
0.00814785
0.00605113
0.006385
0.00533129
0.00428448
0.005151
0.00514322
0.00447824
0.00403111
0.00330327
0.00396646
0.00491262
0.00474093
0.00524697
0.00431413
0.00329506
0.0091765
0.00773684
0.00695057
0.00673188
0.00489735
0.00368424
0.00325261
0.00263491
0.00230117
0.00202819
0.00167651
0.00213049
0.00180689
0.00780509
0.0211419
0.00738858
0.00399452
0.00365141
0.00448861
0.00404856
0.00328322
0.00403214
0.00318783
0.00348278
0.00357448
0.00302942
0.00213787
0.0753979
0.656548
0.66642
0.0650473
0.0298542
0.0619709
0.0283314
0.0940143
0.206549
0.0912349
0.00841397
0.0143272
0.00578817
0.0108893
0.016201
0.0149484
0.0141028
0.0144723
0.01522
0.0134293
0.0119867
0.010764
0.0109849
0.0109829
0.0104285
0.0108757
0.00847951
0.0143376
0.0159184
0.0130779
0.00819227
0.00996233
0.0093764
0.00836008
0.00672326
0.00726134
0.00777712
0.00743535
0.00701601
0.00626458
0.0097624
0.0317584
0.0186397
0.013459
0.0115017
0.00835091
0.00929255
0.00812943
0.0088266
0.00823534
0.00622901
0.00605552
0.00456717
0.00350491
0.0352489
0.0880674
0.0648098
0.0391901
0.0258597
0.0100996
0.00906759
0.0105593
0.00672031
0.00676865
0.00491225
0.00573936
0.00448598
0.00304133
0.00374587
0.00478723
0.00332401
0.00401498
0.0158889
0.00392122
0.00407999
0.00179703
0.00264142
0.0027421
0.00284452
0.00272692
0.00318315
0.0141399
0.379968
0.214278
0.0716489
0.0758702
0.0748023
0.0453293
0.164738
0.247878
0.0399934
0.00212246
0.00451544
0.00174414
0.00102572
0.0394515
0.0617441
0.0284502
0.00960294
0.00771213
0.0108253
0.00844165
0.00789665
0.0066357
0.0070202
0.00437322
0.00339329
0.00329115
0.0119274
0.405065
0.354241
0.122224
0.0569958
0.0870576
0.0884552
0.187236
0.171432
0.0950135
0.0225621
0.0134158
0.00852614
0.00556298
0.0106815
0.0132989
0.0121579
0.0093339
0.00905719
0.00887082
0.00849367
0.00856917
0.00871739
0.00801859
0.00672438
0.00518712
0.00693334
0.00941343
0.0155235
0.0139885
0.0104583
0.00969291
0.00808994
0.00802685
0.00864597
0.00878663
0.00856557
0.00884796
0.00800374
0.00852287
0.00873793
0.0297071
0.025378
0.0187552
0.0143639
0.011492
0.0137297
0.0103056
0.00917721
0.0118219
0.0105894
0.0119659
0.010675
0.0081908
0.0305683
0.0848226
0.0283961
0.028915
0.0204862
0.00935161
0.00760613
0.00822527
0.00795318
0.00553377
0.00586816
0.00657721
0.00622004
0.00509699
0.00625981
0.0059356
0.00634347
0.00555382
0.00462306
0.00351112
0.00406263
0.00520642
0.00533342
0.00408634
0.00480407
0.0045222
0.00343779
0.0045192
0.0065931
0.00624496
0.00518528
0.00412228
0.00370343
0.00497361
0.00313472
0.00248386
0.00301092
0.00275677
0.00227197
0.0019645
0.00178828
0.0148814
0.0128968
0.00610642
0.00432487
0.00495307
0.00263484
0.00301572
0.00385978
0.00372553
0.00357612
0.00444334
0.00287312
0.00385047
0.00366351
0.243428
0.324618
0.300458
0.0558717
0.0737784
0.0807374
0.130515
0.224779
0.0974968
0.00536264
0.00629239
0.00336812
0.0027565
0.00410852
0.0106569
0.0121493
0.0100597
0.0117613
0.0111481
0.00943178
0.00959431
0.00739446
0.00714264
0.00689313
0.00601602
0.00586604
0.00984532
0.0189879
0.0168133
0.0157841
0.0164693
0.0109366
0.00987244
0.0100782
0.00878785
0.00862332
0.00910461
0.00756315
0.00749634
0.00629502
0.0239766
0.0276593
0.0187498
0.016235
0.0146281
0.0134515
0.0111046
0.010386
0.00919254
0.00794722
0.00868641
0.00643518
0.00630173
0.00924177
0.0732971
0.053402
0.0378265
0.0334873
0.0113802
0.00744221
0.00664807
0.00644836
0.00541177
0.00493317
0.00474793
0.00612109
0.00479942
0.00484624
0.00294723
0.00354874
0.00318385
0.00310911
0.00234599
0.00220019
0.0018346
0.00185257
0.00174882
0.00137003
0.00140036
0.00111359
0.00143555
0.00490232
0.00250004
0.00163114
0.00153438
0.000995179
0.000778554
0.00138021
0.000871256
0.0017284
0.00187911
0.00101118
0.0022284
0.00203175
0.0091524
0.0139439
0.00526101
0.00400867
0.00381471
0.00328239
0.00223687
0.00201524
0.00196991
0.00141139
0.00118592
0.00116702
0.000821361
0.00131753
0.148686
0.408787
0.451116
0.112233
0.0656263
0.145481
0.0668647
0.171911
0.204977
0.0350919
0.011784
0.00559528
0.00411733
0.0054776
0.00701593
0.00730263
0.00836536
0.0073521
0.0073281
0.00649322
0.00677632
0.00690784
0.00557332
0.00547959
0.00511277
0.0049232
0.00524433
0.00873526
0.00760558
0.00886754
0.00899746
0.00988029
0.00759192
0.00721238
0.0072759
0.00768939
0.00767695
0.00659047
0.00766522
0.00823637
0.0144681
0.0298419
0.0182089
0.0122882
0.00988948
0.0128402
0.0118822
0.00855098
0.0075984
0.00911208
0.0105123
0.00748773
0.00497632
0.00497427
0.0573705
0.0525847
0.0352055
0.0303542
0.0121983
0.0066655
0.0076471
0.00751699
0.00755441
0.00536063
0.00465231
0.00658128
0.00515332
0.00525644
0.00575385
0.00474007
0.00497935
0.00385084
0.00351724
0.00393811
0.00333682
0.00377448
0.00421431
0.00299086
0.00354562
0.00390307
0.00349861
0.0053184
0.00634311
0.00535303
0.00419491
0.00406513
0.00340853
0.00241955
0.00323271
0.00290123
0.00268567
0.00242859
0.00251047
0.00203734
0.00459719
0.0176764
0.00594602
0.00347371
0.00313484
0.00332357
0.00307214
0.00288805
0.00300377
0.00298809
0.00331016
0.00274974
0.00206193
0.00140639
0.0389411
0.391675
0.481286
0.101097
0.0266256
0.0846505
0.0363531
0.106291
0.143224
0.0727157
0.0108247
0.00578577
0.00524178
0.00832219
0.0119998
0.0123183
0.0123947
0.0127011
0.0104179
0.0105276
0.00909203
0.00878113
0.00799161
0.00852294
0.0086757
0.0070875
0.0062213
0.0087325
0.0109302
0.00991651
0.00784436
0.00822176
0.00760763
0.00721653
0.00668081
0.0069937
0.00653342
0.00737654
0.00731999
0.00674563
0.00673014
0.0313295
0.0159385
0.011374
0.0112783
0.00901293
0.0102254
0.00998107
0.0076211
0.00796811
0.00708693
0.00489132
0.00475182
0.00389658
0.025922
0.0814995
0.052216
0.0364931
0.0213906
0.00601598
0.00662433
0.00793895
0.00656229
0.00590987
0.00481943
0.0045014
0.00330177
0.00243119
0.0037392
0.00326977
0.00259729
0.00260177
0.00388213
0.00293932
0.00256164
0.00177736
0.00140856
0.00148508
0.00143596
0.000942763
0.00131394
0.00227697
0.00235314
0.00188265
0.00215779
0.00172391
0.00121976
0.00125287
0.00215562
0.0018958
0.00142159
0.0017717
0.00125244
0.00135179
0.000747721
0.00490996
0.00454877
0.00218425
0.002685
0.00240086
0.00255849
0.00269263
0.00381218
0.0033125
0.00305092
0.00220796
0.00236075
0.00195911
0.0106153
0.541063
0.48673
0.270269
0.00995413
0.0687853
0.0398108
0.115117
0.386547
0.0856164
0.0227068
0.0145608
0.0102838
0.018363
0.00990438
0.0152609
0.0180475
0.0145567
0.0111837
0.0128713
0.014596
0.0106259
0.0118694
0.00844619
0.00968375
0.0103379
0.00791274
0.0140459
0.0135639
0.0144356
0.0116526
0.0103059
0.0108053
0.0087758
0.0099207
0.00980784
0.0136512
0.011863
0.0141382
0.0131017
0.00942967
0.0329961
0.0172977
0.0184048
0.0209189
0.0161554
0.0169101
0.0100732
0.0120382
0.0138059
0.0125546
0.0139912
0.00981351
0.0120457
0.0267641
0.127045
0.0602965
0.0370184
0.0314821
0.0191229
0.0143983
0.0137791
0.0119431
0.0109125
0.00681549
0.00810132
0.0107173
0.00661798
0.00658308
0.00487524
0.00391547
0.00433482
0.00276048
0.00425803
0.00640695
0.00514849
0.00589375
0.00711024
0.00570027
0.00679901
0.00600032
0.00772346
0.00939191
0.00665643
0.00952418
0.00702819
0.00600589
0.0057784
0.00495265
0.00514153
0.00249521
0.00323825
0.0034906
0.00256052
0.00368546
0.0162455
0.0143306
0.00629313
0.00558304
0.00474582
0.00499001
0.00473607
0.00453886
0.00594483
0.00567388
0.00653419
0.00665195
0.00955796
0.0118789
0.201179
0.167078
0.034736
0.0148742
0.0149542
0.0124198
0.0107225
0.0132957
0.0106597
0.0117472
0.0107443
0.0103469
0.0105515
0.00835951
0.0156762
0.013943
0.0160958
0.0121393
0.0134562
0.015587
0.0106881
0.0148955
0.0105373
0.00989396
0.0126958
0.00723039
0.0111721
0.0190959
0.0189413
0.0249434
0.0154469
0.0140657
0.011936
0.0100749
0.0142006
0.0113396
0.0103667
0.0102459
0.00888139
0.00673579
0.0233737
0.0329123
0.0245723
0.0168146
0.0138192
0.0136421
0.00978602
0.00917027
0.00869318
0.012901
0.00925062
0.00955752
0.0112044
0.0123499
0.0651639
0.0526512
0.0370383
0.0319672
0.0103336
0.00898103
0.00964408
0.00664766
0.00954899
0.00701707
0.00642755
0.00687206
0.00799678
0.00873739
0.00654871
0.00812145
0.00866811
0.00362556
0.00323845
0.002678
0.00321439
0.00359366
0.00197764
0.00263978
0.00252295
0.00259646
0.00439299
0.00966279
0.00552353
0.0059155
0.00442138
0.00432598
0.00321275
0.00345568
0.00375828
0.00215778
0.00482529
0.00275211
0.00322652
0.00436718
0.0134433
0.0275498
0.00784906
0.00524305
0.00508956
0.00460549
0.00456383
0.00277037
0.00259523
0.002118
0.00270708
0.0029579
0.00252777
0.00320474
0.13793
0.364634
0.379999
0.049325
0.0256195
0.0749637
0.0343058
0.188179
0.156109
0.0168542
0.0127202
0.00895079
0.00481462
0.0085239
0.00730075
0.00859924
0.010606
0.00605045
0.00864501
0.0063473
0.00828842
0.00586325
0.00460197
0.00609925
0.00427354
0.00605902
0.00592711
0.00970197
0.0145601
0.00941698
0.00986685
0.00805438
0.00576666
0.00637982
0.00496628
0.00624428
0.00549725
0.0063653
0.00465195
0.00408963
0.00831982
0.0235935
0.0144729
0.0118024
0.0123214
0.00853318
0.00828457
0.00702496
0.00512101
0.00730438
0.00498577
0.00708369
0.00728446
0.00595133
0.0509623
0.0509269
0.0240986
0.0261907
0.0100662
0.00853857
0.00650611
0.00763176
0.00823852
0.00523534
0.00575062
0.00616444
0.00738753
0.00565016
0.00471522
0.00588928
0.00764
0.00413314
0.00407609
0.00590876
0.00628675
0.00531053
0.00430373
0.00522347
0.00347293
0.00269256
0.00346843
0.00660445
0.00559532
0.0061565
0.00522887
0.00439629
0.00314073
0.00346151
0.00336029
0.00249188
0.00348785
0.00342114
0.00287307
0.00226614
0.00373433
0.0206834
0.00871006
0.00257856
0.0039424
0.00271899
0.00362307
0.00395219
0.00182512
0.00194147
0.00211313
0.00200627
0.00185844
0.00173266
0.0368321
0.0695547
0.0574787
0.0483452
0.0318584
0.00666241
0.0121035
0.012987
0.00864951
0.0161629
0.00561927
0.0109313
0.00291912
0.0115188
0.00737957
0.00982591
0.0119183
0.00942252
0.0112049
0.0104667
0.0115929
0.0126731
0.00929421
0.0125116
0.00834408
0.0143105
0.0116414
0.0202509
0.0128527
0.0158534
0.0138022
0.012214
0.0118585
0.0122635
0.0132723
0.0123459
0.0176953
0.0139463
0.0181522
0.0129271
0.0190506
0.0278947
0.0255191
0.00946673
0.0125496
0.00923602
0.0108151
0.0106373
0.0112078
0.0108611
0.00778331
0.00909227
0.00538908
0.0101277
0.0186353
0.0649215
0.0565985
0.0662163
0.0248928
0.00854862
0.00967563
0.00804994
0.0200417
0.0135149
0.00753237
0.00796449
0.00555746
0.0121656
0.0146759
0.0194968
0.017092
0.01714
0.0329639
0.0411267
0.0182032
0.0314024
0.0204846
0.0344799
0.0204659
0.0267212
0.0254935
0.0488173
0.236203
0.454909
0.184194
0.0549171
0.0896095
0.113114
0.326327
0.201316
0.0638135
0.0640953
0.0256868
0.0229851
0.0209879
0.0333412
0.109453
0.0488099
0.0408352
0.0115987
0.034621
0.0212091
0.00874917
0.00121731
0.000587073
0.00161972
0.00159374
0.00166248
0.00835329
0.400147
0.321236
0.242587
0.0276336
0.0586997
0.0386126
0.0771421
0.317133
0.096468
0.0249927
0.0172891
0.0105436
0.020864
0.00879862
0.00841077
0.0117575
0.0109512
0.00661799
0.00828632
0.0107349
0.00901324
0.00954574
0.00553564
0.00508793
0.00503828
0.00415478
0.00539968
0.00836344
0.00779921
0.00736143
0.00722584
0.00731507
0.00673396
0.00620767
0.00687112
0.00919642
0.00651912
0.00627422
0.00702342
0.0053905
0.00959693
0.00642387
0.0104219
0.0090604
0.00729402
0.00730388
0.00376053
0.00591739
0.00488837
0.00639139
0.00725091
0.00646445
0.00910473
0.00880903
0.0104965
0.00815551
0.00623173
0.00889405
0.00654715
0.00597734
0.00600374
0.00491897
0.00513692
0.00443062
0.00441931
0.0056312
0.00531012
0.00505852
0.0055095
0.0057788
0.00693809
0.00362262
0.00335282
0.00534694
0.00362173
0.0046979
0.00476712
0.00386071
0.00556764
0.00451895
0.00589772
0.00547998
0.00437325
0.00753399
0.00495811
0.00531637
0.00349595
0.00368383
0.00470338
0.00255348
0.00392679
0.00370956
0.00337036
0.00499763
0.00486475
0.00499605
0.0038249
0.0030149
0.00379539
0.00377721
0.00349747
0.00304671
0.00279612
0.00408433
0.00447155
0.00422451
0.00712479
0.0104832
0.200768
0.16206
0.0331152
0.0164426
0.00993248
0.010861
0.00965794
0.00939727
0.0102725
0.00863613
0.0077055
0.00948854
0.0091698
0.00630823
0.00960559
0.00554686
0.00924533
0.00527264
0.009216
0.0073979
0.00431264
0.0064324
0.00320898
0.004275
0.00576445
0.00401663
0.0071178
0.00633816
0.00778147
0.00985286
0.00590864
0.00714096
0.0059335
0.00499261
0.00513626
0.00444971
0.00433842
0.00461599
0.00323417
0.00479538
0.00459778
0.00399852
0.0091879
0.00528494
0.00691899
0.00546864
0.00336711
0.00580196
0.00276279
0.00471792
0.00460949
0.00420924
0.00601536
0.00357379
0.00695975
0.00541083
0.00509168
0.0100133
0.00724824
0.00788448
0.00256281
0.00416569
0.0165293
0.00867283
0.00824523
0.0235039
0.0207624
0.0337731
0.0259779
0.0356997
0.0439354
0.0275156
0.0284487
0.0247203
0.0248241
0.0280648
0.0217931
0.0269246
0.0232396
0.0184312
0.0272075
0.0238045
0.029282
0.02745
0.023627
0.0281526
0.0213891
0.0216259
0.0252742
0.0186678
0.0242636
0.018833
0.0204783
0.0246501
0.0233911
0.0288028
0.0200789
0.0164964
0.0193052
0.0131682
0.0182931
0.014428
0.0133179
0.0142329
0.0126958
0.0166014
0.0159088
0.0133702
0.0775131
0.17468
0.0787627
0.0134708
0.00951842
0.00755591
0.00845519
0.0069242
0.00740322
0.0087564
0.00662774
0.0102446
0.0065561
0.00612544
0.00513253
0.00708276
0.00627641
0.00536141
0.00793578
0.00525134
0.00621697
0.00563333
0.00453796
0.00465328
0.00411507
0.00373486
0.00423207
0.00449112
0.00531901
0.00568942
0.00491592
0.00533459
0.00443158
0.00430299
0.00615756
0.00386481
0.00555172
0.00635911
0.00386465
0.00720803
0.00525582
0.00777777
0.00826848
0.00596154
0.0113112
0.00516822
0.00536243
0.00695123
0.00339535
0.00787251
0.00511075
0.00714179
0.00726131
0.00541259
0.00915935
0.00627022
0.00742337
0.00562433
0.00646141
0.0064382
0.00427683
0.00530129
0.00356611
0.00334293
0.00363906
0.00243813
0.00325432
0.00339746
0.00414178
0.00751505
0.0093962
0.00564835
0.0043801
0.00388624
0.00356621
0.00395883
0.00276949
0.00464541
0.00273957
0.00341352
0.00562449
0.00530475
0.00620216
0.00499908
0.0062984
0.00535421
0.00313233
0.00424842
0.00325505
0.00324178
0.00288211
0.00223035
0.0036057
0.00228821
0.00437252
0.00636913
0.00212831
0.00304833
0.00276484
0.00303923
0.00327969
0.00231473
0.00150021
0.000441961
0.000716561
0.00142902
0.0015005
0.00129826
0.0280512
0.0542896
0.0624185
0.0319029
0.0275508
0.00261475
0.00756398
0.007026
0.00600477
0.0106741
0.00384831
0.00981401
0.0022717
0.00793605
0.0056729
0.00784456
0.00949152
0.00573642
0.0100196
0.00613054
0.0104124
0.00805368
0.00882615
0.00789702
0.00674088
0.00967737
0.00714458
0.010954
0.00739579
0.0136023
0.00652821
0.0111561
0.0063532
0.0124112
0.00747834
0.0115196
0.00756894
0.0108914
0.0134714
0.0119058
0.0155259
0.00836672
0.0137093
0.00562654
0.00940587
0.00287855
0.00760494
0.0034944
0.0079676
0.00418887
0.00638206
0.00361633
0.00343734
0.00656326
0.00312354
0.00880123
0.00238947
0.009698
0.00270436
0.00604666
0.00286953
0.00372332
0.00196752
0.00255047
0.00365058
0.0017888
0.00599749
0.00381245
0.00530166
0.00392742
0.000801266
0.0035626
0.0121532
0.00329619
0.00217805
0.00774407
0.0117659
0.00162861
0.00198797
0.012633
0.00826332
0.0132413
0.0101958
0.0031788
0.00568853
0.00462487
0.00779628
0.019797
0.0238436
0.0473739
0.04159
0.0139189
0.030234
0.0338132
0.0235759
0.0452446
0.122856
0.0899755
0.0327012
0.0236063
0.0108175
0.016926
0.0190397
-0.000194739
0.00164235
0.000822844
0.00163331
0.0013353
0.0070893
0.408817
0.528001
0.332893
0.000988979
0.0235972
0.025662
0.0254624
0.191447
0.0869322
0.0212951
0.00780051
0.00564793
0.00485846
0.00382983
0.0024911
0.00171158
0.00329125
0.00141208
0.00141535
0.00304235
0.00154726
0.00367451
0.00154303
0.00165237
0.00162881
0.000768271
0.00186174
0.000608989
0.000872151
0.000947997
0.00059396
0.00107905
0.000698077
0.00082635
0.0010222
0.000720367
0.000710946
0.000624443
0.00049049
0.000695106
0.00073849
0.000567032
0.000614212
0.000476632
0.00046914
0.000625962
0.000575696
0.000753476
0.00086551
0.000870882
0.00140938
0.0012454
0.00073842
0.00100471
0.00136682
0.00161752
0.00118824
0.0010609
0.00145054
0.00113107
0.000745616
0.00107975
0.000689746
0.000576293
0.000511335
0.000411248
0.000694684
0.000748701
0.000597033
0.000918492
0.000548959
0.000606766
0.000508777
0.000548051
0.000741003
0.000522451
0.000893495
0.000849276
0.000515469
0.00123615
0.000763079
0.00124468
0.00112834
0.00102945
0.00158384
0.00088857
0.000917237
0.00115496
0.000860214
0.00119421
0.000515257
0.000680568
0.00063664
0.000546764
0.00159113
0.00105735
0.00098416
0.000941974
0.000966552
0.000865855
0.000663343
0.000748764
0.000853398
0.000620196
0.000955466
0.000833871
0.000944651
0.00109813
0.0010331
0.0010094
0.000561952
0.000317879
0.000636325
0.000572134
0.000547017
0.000861889
0.000479104
0.000742917
0.000761575
0.000438683
0.00102662
0.000423641
0.000944124
0.00112512
0.000668928
0.00114175
0.000597397
0.000533465
0.000993623
0.000387124
0.000791398
0.000688522
0.000533643
0.000751947
0.000465218
0.000759978
0.00067063
0.000421191
0.000845705
0.000349014
0.000572228
0.000565211
0.000374265
0.000542851
0.000353649
0.000471669
0.000376049
0.000288629
0.00180505
0.0011445
0.00105698
0.000843287
0.000455392
0.000765001
0.000720575
0.000603149
0.000716309
0.000395233
0.000804171
0.000488411
0.000478662
0.000815418
0.00206222
0.000879028
0.000801795
0.000450872
0.000882976
0.000335453
0.000559187
0.000938699
0.000577411
0.000873089
0.000718606
0.000531402
0.000583674
0.000556243
0.000626643
0.000577572
0.000423778
0.000717245
0.000297869
0.000510455
0.000441685
0.000257646
0.000515337
0.0002736
0.000417186
0.00039293
0.000240964
0.00114429
0.000293861
0.000260563
0.000403191
0.000203246
0.000286227
0.000218663
0.000199313
0.000308795
0.000133146
0.000254955
0.000138418
0.000174711
0.000475389
0.000225418
0.000236155
0.000221153
0.000156255
0.00022494
0.000147593
0.000350338
0.000194755
0.000151433
0.000220829
0.000167417
0.000217026
0.000316509
0.00155746
0.00141843
0.000746553
0.000749405
0.000842737
0.000523979
0.000916772
0.00113079
0.000689816
0.0015557
0.000722511
0.000903751
0.00138465
0.000876857
0.00169908
0.000805578
0.000832174
0.0011603
0.000549542
0.00107651
0.000741291
0.000618297
0.00110294
0.000616872
0.000895668
0.00113686
0.000531916
0.00159668
0.000829525
0.000677134
0.00112501
0.000677362
0.000841993
0.000779169
0.000672302
0.000807994
0.000511016
0.000902316
0.000846868
0.000476417
0.001134
0.000612854
0.000740306
0.000787056
0.000409564
0.000949782
0.000389205
0.000739152
0.000677811
0.000322414
0.000739519
0.00040568
0.000540257
0.000613772
0.000447602
0.00129122
0.000350296
0.000443913
0.000691174
0.000349901
0.000586026
0.000365057
0.000218482
0.000424468
0.000227987
0.000357238
0.000520712
0.000424941
0.00151288
0.000751087
0.000657862
0.000833793
0.000417239
0.000513067
0.000388082
0.000320037
0.000417252
0.000322603
0.00049876
0.00028085
0.000206694
0.00106654
0.000736483
0.000748725
0.000635562
0.00031569
0.00064868
0.000376383
0.000733969
0.000659653
0.000429427
0.000798939
0.000253238
0.000381939
0.000376294
0.000604226
0.000800199
0.000500362
0.000551773
0.000427754
0.000388489
0.000652783
0.000363424
0.000429332
0.000431778
0.000228649
0.000453382
0.000295337
0.000678701
0.0018266
0.00147766
0.0015457
0.00114451
0.000875077
0.00128815
0.00121365
0.00115269
0.000826281
0.000476438
0.000554453
0.000255693
0.000205851
0.00105814
0.00181924
0.0020781
0.00156508
0.00140048
0.00122005
0.000935279
0.00109578
0.00124685
0.00126506
0.00106739
0.000729353
0.000581596
0.00126964
0.00266864
0.00290124
0.00236466
0.00240841
0.0022891
0.00175424
0.00172867
0.00137958
0.00112121
0.00126837
0.000730267
0.000680381
0.000532635
0.00133162
0.00182278
0.0011897
0.00152989
0.000801945
0.00136284
0.00078624
0.00109499
0.000554507
0.000562844
0.000323538
0.000275969
0.000297353
0.000670469
0.00225826
0.003702
0.00264815
0.00412111
0.00261381
0.00395661
0.00252112
0.00482354
0.00229417
0.00436208
0.00234568
0.00250484
0.00202697
0.00183618
0.00163002
0.00172129
0.00128532
0.0011829
0.00102274
0.000891297
0.000946965
0.000814491
0.00107123
0.00102115
0.000773618
0.00066881
0.000587847
0.000396924
0.00022899
0.000199912
0.000194353
0.000151809
0.000125264
0.000118007
8.52458e-005
9.82718e-005
6.99356e-005
7.82461e-005
7.32257e-005
5.50435e-005
9.37122e-005
7.89232e-005
9.11284e-005
9.93883e-005
8.72869e-005
8.91115e-005
8.34388e-005
9.13525e-005
7.19304e-005
5.48281e-005
4.57327e-005
2.99476e-005
2.10082e-005
1.49763e-005
1.09168e-005
8.15814e-006
7.46892e-006
4.151e-006
3.49591e-006
2.51484e-006
1.97826e-006
2.04837e-006
1.35375e-006
1.27043e-006
1.17149e-006
8.68619e-007
8.60052e-007
6.62583e-007
8.49382e-007
7.05055e-007
5.36983e-007
4.19893e-007
3.03512e-007
2.24906e-007
1.42617e-007
1.34645e-007
1.26533e-007
6.19328e-008
4.74116e-008
2.91568e-008
1.95539e-008
2.97685e-008
1.70638e-008
1.16799e-008
7.34767e-009
3.89963e-009
4.10444e-009
1.67083e-009
9.30889e-010
1.03385e-009
1.02902e-009
1.02845e-009
5.86561e-010
4.30887e-011
-1.25394e-011
1.14063e-012
-2.36825e-015
-1.31049e-014
1.74959e-015
-7.57224e-017
2.67256e-011
5.09472e-010
7.27054e-010
2.42157e-010
5.2737e-010
9.47688e-011
6.69497e-010
6.38639e-010
9.30207e-011
9.73722e-010
3.06249e-010
3.66528e-010
9.68203e-011
-1.35533e-011
6.41843e-013
7.50878e-014
-1.74144e-014
